0.1 0.1795953739
0.2 0.3708617244
0.3 0.5066306566
0.4 0.6034612049
0.5 0.6821690560
0.6 0.7366955466
0.7 0.7712732312
0.8 0.7954403806
0.9 0.8158595797
1.0 0.8355564332
1.1 0.8549082434
1.2 0.8746880460
1.3 0.8946383560
1.4 0.9143806894
1.5 0.9328774888
1.6 0.9495748350
1.7 0.9632665258
1.8 0.9741700677
1.9 0.9823241309
2.0 0.9878869119
2.1 0.9916102635
2.2 0.9939666033
2.3 0.9955496412
2.4 0.9966378167
2.5 0.9972861114
2.6 0.9977251501
2.7 0.9980628183
2.8 0.9982815721
2.9 0.9984195574
3.0 0.9985137879
3.1 0.9986060955
3.2 0.9986869545
3.3 0.9987504526
3.4 0.9987724652
3.5 0.9988031948
3.6 0.9988331944
3.7 0.9988847866
3.8 0.9989167569
3.9 0.9989492892
4.0 0.9989859762
4.1 0.9989985210
4.2 0.9989985210
4.3 0.9989985210
4.4 0.9989985210
4.5 0.9989985210
4.6 0.9989985210
4.7 0.9989985210
4.8 0.9989985210
4.9 0.9989985210
5.0 0.9989985210
5.1 0.9989985210
5.2 0.9989985210
5.3 0.9989985210
5.4 0.9989985210
5.5 0.9989985210
5.6 0.9989985210
5.7 0.9989985210
5.8 0.9989985210
5.9 0.9989985210
6.0 0.9989985210
6.1 0.9989985210
6.2 0.9989985210
6.3 0.9989985210
6.4 0.9989985210
6.5 0.9989985210
6.6 0.9989985210
6.7 0.9989985210
6.8 0.9989985210
6.9 0.9989985210
7.0 0.9989985210
7.1 0.9989985210
7.2 0.9989985210
7.3 0.9989985210
7.4 0.9989985210
7.5 0.9989985210
7.6 0.9989985210
7.7 0.9989985210
7.8 0.9989985210
7.9 0.9989985210
8.0 0.9989985210
8.1 0.9989985210
8.2 0.9989985210
8.3 0.9989985210
8.4 0.9989985210
8.5 0.9989985210
8.6 0.9989985210
8.7 0.9989985210
8.8 0.9989985210
8.9 0.9989985210
9.0 0.9989985210
9.1 0.9989985210
9.2 0.9989985210
9.3 0.9989985210
9.4 0.9989985210
9.5 0.9989985210
9.6 0.9989985210
9.7 0.9989985210
9.8 0.9989985210
9.9 0.9989985210
10.0 0.9989985210
10.1 0.9989985210
10.2 0.9989985210
10.3 0.9989985210
10.4 0.9989985210
10.5 0.9989985210
10.6 0.9989985210
10.7 0.9989985210
10.8 0.9989985210
10.9 0.9989985210
11.0 0.9989985210
11.1 0.9989985210
11.2 0.9989985210
11.3 0.9989985210
11.4 0.9989985210
11.5 0.9989985210
11.6 0.9989985210
11.7 0.9989985210
11.8 0.9989985210
11.9 0.9989985210
12.0 0.9989985210
12.1 0.9989985210
12.2 0.9989985210
12.3 0.9989985210
12.4 0.9989985210
12.5 0.9989985210
12.6 0.9989985210
12.7 0.9989985210
12.8 0.9989985210
12.9 0.9989985210
13.0 0.9989985210
13.1 0.9989985210
13.2 0.9989985210
13.3 0.9989985210
13.4 0.9989985210
13.5 0.9989985210
13.6 0.9989985210
13.7 0.9989985210
13.8 0.9989985210
13.9 0.9989985210
14.0 0.9989985210
14.1 0.9989985210
14.2 0.9989985210
14.3 0.9989985210
14.4 0.9989985210
14.5 0.9989985210
14.6 0.9989985210
14.7 0.9989985210
14.8 0.9989985210
14.9 0.9989985210
15.0 0.9989985210
15.1 0.9989985210
15.2 0.9989985210
15.3 0.9989985210
15.4 0.9989985210
15.5 0.9989985210
15.6 0.9989985210
15.7 0.9989985210
15.8 0.9989985210
15.9 0.9989985210
16.0 0.9989985210
16.1 0.9989985210
16.2 0.9989985210
16.3 0.9989985210
16.4 0.9989985210
16.5 0.9989985210
16.6 0.9989985210
16.7 0.9989985210
16.8 0.9989985210
16.9 0.9989985210
17.0 0.9989985210
17.1 0.9989985210
17.2 0.9989985210
17.3 0.9989985210
17.4 0.9989985210
17.5 0.9989985210
17.6 0.9989985210
17.7 0.9989985210
17.8 0.9989985210
17.9 0.9989985210
18.0 0.9989985210
18.1 0.9989985210
18.2 0.9989985210
18.3 0.9989985210
18.4 0.9989985210
18.5 0.9989985210
18.6 0.9989985210
18.7 0.9989985210
18.8 0.9989985210
18.9 0.9989985210
19.0 0.9989985210
19.1 0.9989985210
19.2 0.9989985210
19.3 0.9989985210
19.4 0.9989985210
19.5 0.9989985210
19.6 0.9989985210
19.7 0.9989985210
19.8 0.9989985210
19.9 0.9989985210
20.0 0.9989985210
20.1 0.9989985210
20.2 0.9989985210
20.3 0.9989985210
20.4 0.9989985210
20.5 0.9989985210
20.6 0.9989985210
20.7 0.9989985210
20.8 0.9989985210
20.9 0.9989985210
21.0 0.9989985210
21.1 0.9989985210
21.2 0.9989985210
21.3 0.9989985210
21.4 0.9989985210
21.5 0.9989985210
21.6 0.9989985210
21.7 0.9989985210
21.8 0.9989985210
21.9 0.9989985210
22.0 0.9989985210
22.1 0.9989985210
22.2 0.9989985210
22.3 0.9989985210
22.4 0.9989985210
22.5 0.9989985210
22.6 0.9989985210
22.7 0.9989985210
22.8 0.9989985210
22.9 0.9989985210
23.0 0.9989985210
23.1 0.9989985210
23.2 0.9989985210
23.3 0.9989985210
23.4 0.9989985210
23.5 0.9989985210
23.6 0.9989985210
23.7 0.9989985210
23.8 0.9989985210
23.9 0.9989985210
24.0 0.9989985210
24.1 0.9989985210
24.2 0.9989985210
24.3 0.9989985210
24.4 0.9989985210
24.5 0.9989985210
24.6 0.9989985210
24.7 0.9989985210
24.8 0.9989985210
24.9 0.9989985210
25.0 0.9989985210
25.1 0.9989985210
25.2 0.9989985210
25.3 0.9989985210
25.4 0.9989985210
25.5 0.9989985210
25.6 0.9989985210
25.7 0.9989985210
25.8 0.9989985210
25.9 0.9989985210
26.0 0.9989985210
26.1 0.9989985210
26.2 0.9989985210
26.3 0.9989985210
26.4 0.9989985210
26.5 0.9989985210
26.6 0.9989985210
26.7 0.9989985210
26.8 0.9989985210
26.9 0.9989985210
27.0 0.9989985210
27.1 0.9989985210
27.2 0.9989985210
27.3 0.9989985210
27.4 0.9989985210
27.5 0.9989985210
27.6 0.9989985210
27.7 0.9989985210
27.8 0.9989985210
27.9 0.9989985210
28.0 0.9989985210
28.1 0.9989985210
28.2 0.9989985210
28.3 0.9989985210
28.4 0.9989985210
28.5 0.9989985210
28.6 0.9989985210
28.7 0.9989985210
28.8 0.9989985210
28.9 0.9989985210
29.0 0.9989985210
29.1 0.9989985210
29.2 0.9989985210
29.3 0.9989985210
29.4 0.9989985210
29.5 0.9989985210
29.6 0.9989985210
29.7 0.9989985210
29.8 0.9989985210
29.9 0.9989985210
30.0 0.9989985210
30.1 0.9989985210
30.2 0.9989985210
30.3 0.9989985210
30.4 0.9989985210
30.5 0.9989985210
30.6 0.9989985210
30.7 0.9989985210
30.8 0.9989985210
30.9 0.9989985210
31.0 0.9989985210
31.1 0.9989985210
31.2 0.9989985210
31.3 0.9989985210
31.4 0.9989985210
31.5 0.9989985210
31.6 0.9989985210
31.7 0.9989985210
31.8 0.9989985210
31.9 0.9989985210
32.0 0.9989985210
32.1 0.9989985210
32.2 0.9989985210
32.3 0.9989985210
32.4 0.9989985210
32.5 0.9989985210
32.6 0.9989985210
32.7 0.9989985210
32.8 0.9989985210
32.9 0.9989985210
33.0 0.9989985210
33.1 0.9989985210
33.2 0.9989985210
33.3 0.9989985210
33.4 0.9989985210
33.5 0.9989985210
33.6 0.9989985210
33.7 0.9989985210
33.8 0.9989985210
33.9 0.9989985210
34.0 0.9989985210
34.1 0.9989985210
34.2 0.9989985210
34.3 0.9989985210
34.4 0.9989985210
34.5 0.9989985210
34.6 0.9989985210
34.7 0.9989985210
34.8 0.9989985210
34.9 0.9989985210
35.0 0.9989985210
35.1 0.9989985210
35.2 0.9989985210
35.3 0.9989985210
35.4 0.9989985210
35.5 0.9989985210
35.6 0.9989985210
35.7 0.9989985210
35.8 0.9989985210
35.9 0.9989985210
36.0 0.9989985210
36.1 0.9989985210
36.2 0.9989985210
36.3 0.9989985210
36.4 0.9989985210
36.5 0.9989985210
36.6 0.9989985210
36.7 0.9989985210
36.8 0.9989985210
36.9 0.9989985210
37.0 0.9989985210
37.1 0.9989985210
37.2 0.9989985210
37.3 0.9989985210
37.4 0.9989985210
37.5 0.9989985210
37.6 0.9989985210
37.7 0.9989985210
37.8 0.9989985210
37.9 0.9989985210
38.0 0.9989985210
38.1 0.9989985210
38.2 0.9989985210
38.3 0.9989985210
38.4 0.9989985210
38.5 0.9989985210
38.6 0.9989985210
38.7 0.9989985210
38.8 0.9989985210
38.9 0.9989985210
39.0 0.9989985210
39.1 0.9989985210
39.2 0.9989985210
39.3 0.9989985210
39.4 0.9989985210
39.5 0.9989985210
39.6 0.9989985210
39.7 0.9989985210
39.8 0.9989985210
39.9 0.9989985210
40.0 0.9989985210
40.1 0.9989985210
40.2 0.9989985210
40.3 0.9989985210
40.4 0.9989985210
40.5 0.9989985210
40.6 0.9989985210
40.7 0.9989985210
40.8 0.9989985210
40.9 0.9989985210
41.0 0.9989985210
41.1 0.9989985210
41.2 0.9989985210
41.3 0.9989985210
41.4 0.9989985210
41.5 0.9989985210
41.6 0.9989985210
41.7 0.9989985210
41.8 0.9989985210
41.9 0.9989985210
42.0 0.9989985210
42.1 0.9989985210
42.2 0.9989985210
42.3 0.9989985210
42.4 0.9989985210
42.5 0.9989985210
42.6 0.9989985210
42.7 0.9989985210
42.8 0.9989985210
42.9 0.9989985210
43.0 0.9989985210
43.1 0.9989985210
43.2 0.9989985210
43.3 0.9989985210
43.4 0.9989985210
43.5 0.9989985210
43.6 0.9989985210
43.7 0.9989985210
43.8 0.9989985210
43.9 0.9989985210
44.0 0.9989985210
44.1 0.9989985210
44.2 0.9989985210
44.3 0.9989985210
44.4 0.9989985210
44.5 0.9989985210
44.6 0.9989985210
44.7 0.9989985210
44.8 0.9989985210
44.9 0.9989985210
45.0 0.9989985210
45.1 0.9989985210
45.2 0.9989985210
45.3 0.9989985210
45.4 0.9989985210
45.5 0.9989985210
45.6 0.9989985210
45.7 0.9989985210
45.8 0.9989985210
45.9 0.9989985210
46.0 0.9989985210
46.1 0.9989985210
46.2 0.9989985210
46.3 0.9989985210
46.4 0.9989985210
46.5 0.9989985210
46.6 0.9989985210
46.7 0.9989985210
46.8 0.9989985210
46.9 0.9989985210
47.0 0.9989985210
47.1 0.9989985210
47.2 0.9989985210
47.3 0.9989985210
47.4 0.9989985210
47.5 0.9989985210
47.6 0.9989985210
47.7 0.9989985210
47.8 0.9989985210
47.9 0.9989985210
48.0 0.9989985210
48.1 0.9989985210
48.2 0.9989985210
48.3 0.9989985210
48.4 0.9989985210
48.5 0.9989985210
48.6 0.9989985210
48.7 0.9989985210
48.8 0.9989985210
48.9 0.9989985210
49.0 0.9989985210
49.1 0.9989985210
49.2 0.9989985210
49.3 0.9989985210
49.4 0.9989985210
49.5 0.9989985210
49.6 0.9989985210
49.7 0.9989985210
49.8 0.9989985210
49.9 0.9989985210
50.0 0.9989985210
50.1 0.9989985210
50.2 0.9989985210
50.3 0.9989985210
50.4 0.9989985210
50.5 0.9989985210
50.6 0.9989985210
50.7 0.9989985210
50.8 0.9989985210
50.9 0.9989985210
51.0 0.9989985210
51.1 0.9989985210
51.2 0.9989985210
51.3 0.9989985210
51.4 0.9989985210
51.5 0.9989985210
51.6 0.9989985210
51.7 0.9989985210
51.8 0.9989985210
51.9 0.9989985210
52.0 0.9989985210
52.1 0.9989985210
52.2 0.9989985210
52.3 0.9989985210
52.4 0.9989985210
52.5 0.9989985210
52.6 0.9989985210
52.7 0.9989985210
52.8 0.9989985210
52.9 0.9989985210
53.0 0.9989985210
53.1 0.9989985210
53.2 0.9989985210
53.3 0.9989985210
53.4 0.9989985210
53.5 0.9989985210
53.6 0.9989985210
53.7 0.9989985210
53.8 0.9989985210
53.9 0.9989985210
54.0 0.9989985210
54.1 0.9989985210
54.2 0.9989985210
54.3 0.9989985210
54.4 0.9989985210
54.5 0.9989985210
54.6 0.9989985210
54.7 0.9989985210
54.8 0.9989985210
54.9 0.9989985210
55.0 0.9989985210
55.1 0.9989985210
55.2 0.9989985210
55.3 0.9989985210
55.4 0.9989985210
55.5 0.9989985210
55.6 0.9989985210
55.7 0.9989985210
55.8 0.9989985210
55.9 0.9989985210
56.0 0.9989985210
56.1 0.9989985210
56.2 0.9989985210
56.3 0.9989985210
56.4 0.9989985210
56.5 0.9989985210
56.6 0.9989985210
56.7 0.9989985210
56.8 0.9989985210
56.9 0.9989985210
57.0 0.9989985210
57.1 0.9989985210
57.2 0.9989985210
57.3 0.9989985210
57.4 0.9989985210
57.5 0.9989985210
57.6 0.9989985210
57.7 0.9989985210
57.8 0.9989985210
57.9 0.9989985210
58.0 0.9989985210
58.1 0.9989985210
58.2 0.9989985210
58.3 0.9989985210
58.4 0.9989985210
58.5 0.9989985210
58.6 0.9989985210
58.7 0.9989985210
58.8 0.9989985210
58.9 0.9989985210
59.0 0.9989985210
59.1 0.9989985210
59.2 0.9989985210
59.3 0.9989985210
59.4 0.9989985210
59.5 0.9989985210
59.6 0.9989985210
59.7 0.9989985210
59.8 0.9989985210
59.9 0.9989985210
60.0 0.9989985210
60.1 0.9989985210
60.2 0.9989985210
60.3 0.9989985210
60.4 0.9989985210
60.5 0.9989985210
60.6 0.9989985210
60.7 0.9989985210
60.8 0.9989985210
60.9 0.9989985210
61.0 0.9989985210
61.1 0.9989985210
61.2 0.9989985210
61.3 0.9989985210
61.4 0.9989985210
61.5 0.9989985210
61.6 0.9989985210
61.7 0.9989985210
61.8 0.9989985210
61.9 0.9989985210
62.0 0.9989985210
62.1 0.9989985210
62.2 0.9989985210
62.3 0.9989985210
62.4 0.9989985210
62.5 0.9989985210
62.6 0.9989985210
62.7 0.9989985210
62.8 0.9989985210
62.9 0.9989985210
63.0 0.9989985210
63.1 0.9989985210
63.2 0.9989985210
63.3 0.9989985210
63.4 0.9989985210
63.5 0.9989985210
63.6 0.9989985210
63.7 0.9989985210
63.8 0.9989985210
63.9 0.9989985210
64.0 0.9989985210
64.1 0.9989985210
64.2 0.9989985210
64.3 0.9989985210
64.4 0.9989985210
64.5 0.9989985210
64.6 0.9989985210
64.7 0.9989985210
64.8 0.9989985210
64.9 0.9989985210
65.0 0.9989985210
65.1 0.9989985210
65.2 0.9989985210
65.3 0.9989985210
65.4 0.9989985210
65.5 0.9989985210
65.6 0.9989985210
65.7 0.9989985210
65.8 0.9989985210
65.9 0.9989985210
66.0 0.9989985210
66.1 0.9989985210
66.2 0.9989985210
66.3 0.9989985210
66.4 0.9989985210
66.5 0.9989985210
66.6 0.9989985210
66.7 0.9989985210
66.8 0.9989985210
66.9 0.9989985210
67.0 0.9989985210
67.1 0.9989985210
67.2 0.9989985210
67.3 0.9989985210
67.4 0.9989985210
67.5 0.9989985210
67.6 0.9989985210
67.7 0.9989985210
67.8 0.9989985210
67.9 0.9989985210
68.0 0.9989985210
68.1 0.9989985210
68.2 0.9989985210
68.3 0.9989985210
68.4 0.9989985210
68.5 0.9989985210
68.6 0.9989985210
68.7 0.9989985210
68.8 0.9989985210
68.9 0.9989985210
69.0 0.9989985210
69.1 0.9989985210
69.2 0.9989985210
69.3 0.9989985210
69.4 0.9989985210
69.5 0.9989985210
69.6 0.9989985210
69.7 0.9989985210
69.8 0.9989985210
69.9 0.9989985210
70.0 0.9989985210
70.1 0.9989985210
70.2 0.9989985210
70.3 0.9989985210
70.4 0.9989985210
70.5 0.9989985210
70.6 0.9989985210
70.7 0.9989985210
70.8 0.9989985210
70.9 0.9989985210
71.0 0.9989985210
71.1 0.9989985210
71.2 0.9989985210
71.3 0.9989985210
71.4 0.9989985210
71.5 0.9989985210
71.6 0.9989985210
71.7 0.9989985210
71.8 0.9989985210
71.9 0.9989985210
72.0 0.9989985210
72.1 0.9989985210
72.2 0.9989985210
72.3 0.9989985210
72.4 0.9989985210
72.5 0.9989985210
72.6 0.9989985210
72.7 0.9989985210
72.8 0.9989985210
72.9 0.9989985210
73.0 0.9989985210
73.1 0.9989985210
73.2 0.9989985210
73.3 0.9989985210
73.4 0.9989985210
73.5 0.9989985210
73.6 0.9989985210
73.7 0.9989985210
73.8 0.9989985210
73.9 0.9989985210
74.0 0.9989985210
74.1 0.9989985210
74.2 0.9989985210
74.3 0.9989985210
74.4 0.9989985210
74.5 0.9989985210
74.6 0.9989985210
74.7 0.9989985210
74.8 0.9989985210
74.9 0.9989985210
75.0 0.9989985210
75.1 0.9989985210
75.2 0.9989985210
75.3 0.9989985210
75.4 0.9989985210
75.5 0.9989985210
75.6 0.9989985210
75.7 0.9989985210
75.8 0.9989985210
75.9 0.9989985210
76.0 0.9989985210
76.1 0.9989985210
76.2 0.9989985210
76.3 0.9989985210
76.4 0.9989985210
76.5 0.9989985210
76.6 0.9989985210
76.7 0.9989985210
76.8 0.9989985210
76.9 0.9989985210
77.0 0.9989985210
77.1 0.9989985210
77.2 0.9989985210
77.3 0.9989985210
77.4 0.9989985210
77.5 0.9989985210
77.6 0.9989985210
77.7 0.9989985210
77.8 0.9989985210
77.9 0.9989985210
78.0 0.9989985210
78.1 0.9989985210
78.2 0.9989985210
78.3 0.9989985210
78.4 0.9989985210
78.5 0.9989985210
78.6 0.9989985210
78.7 0.9989985210
78.8 0.9989985210
78.9 0.9989985210
79.0 0.9989985210
79.1 0.9989985210
79.2 0.9989985210
79.3 0.9989985210
79.4 0.9989985210
79.5 0.9989985210
79.6 0.9989985210
79.7 0.9989985210
79.8 0.9989985210
79.9 0.9989985210
80.0 0.9989985210
80.1 0.9989985210
80.2 0.9989985210
80.3 0.9989985210
80.4 0.9989985210
80.5 0.9989985210
80.6 0.9989985210
80.7 0.9989985210
80.8 0.9989985210
80.9 0.9989985210
81.0 0.9989985210
81.1 0.9989985210
81.2 0.9989985210
81.3 0.9989985210
81.4 0.9989985210
81.5 0.9989985210
81.6 0.9989985210
81.7 0.9989985210
81.8 0.9989985210
81.9 0.9989985210
82.0 0.9989985210
82.1 0.9989985210
82.2 0.9989985210
82.3 0.9989985210
82.4 0.9989985210
82.5 0.9989985210
82.6 0.9989985210
82.7 0.9989985210
82.8 0.9989985210
82.9 0.9989985210
83.0 0.9989985210
83.1 0.9989985210
83.2 0.9989985210
83.3 0.9989985210
83.4 0.9989985210
83.5 0.9989985210
83.6 0.9989985210
83.7 0.9989985210
83.8 0.9989985210
83.9 0.9989985210
84.0 0.9989985210
84.1 0.9989985210
84.2 0.9989985210
84.3 0.9989985210
84.4 0.9989985210
84.5 0.9989985210
84.6 0.9989985210
84.7 0.9989985210
84.8 0.9989985210
84.9 0.9989985210
85.0 0.9989985210
85.1 0.9989985210
85.2 0.9989985210
85.3 0.9989985210
85.4 0.9989985210
85.5 0.9989985210
