1.000000000000000056e-01 2.908590059842283693e-01
2.000000000000000111e-01 5.122925466301962993e-01
2.999999999999999889e-01 6.492724952287078910e-01
4.000000000000000222e-01 7.791606956550642948e-01
5.000000000000000000e-01 8.789393836519584502e-01
5.999999999999999778e-01 9.406361012083720441e-01
6.999999999999999556e-01 9.713487521222915477e-01
8.000000000000000444e-01 9.860213007891681647e-01
9.000000000000000222e-01 9.929754805406704188e-01
1.000000000000000000e+00 9.962675750493161786e-01
1.100000000000000089e+00 9.979577752132153812e-01
1.199999999999999956e+00 9.988062420592440649e-01
1.300000000000000044e+00 9.993479770902835568e-01
1.399999999999999911e+00 9.996918511586005973e-01
1.500000000000000000e+00 9.998494508128172864e-01
1.600000000000000089e+00 9.999375242495464056e-01
1.699999999999999956e+00 9.999784900123760423e-01
1.800000000000000044e+00 9.999949001841939022e-01
1.899999999999999911e+00 9.999986516494384636e-01
2.000000000000000000e+00 9.999986516494384636e-01
2.100000000000000089e+00 9.999993639855841998e-01
2.200000000000000178e+00 1.000000000000000000e+00
2.299999999999999822e+00 1.000000000000000000e+00
2.399999999999999911e+00 1.000000000000000000e+00
2.500000000000000000e+00 1.000000000000000000e+00
2.600000000000000089e+00 1.000000000000000000e+00
2.700000000000000178e+00 1.000000000000000000e+00
2.799999999999999822e+00 1.000000000000000000e+00
2.899999999999999911e+00 1.000000000000000000e+00
3.000000000000000000e+00 1.000000000000000000e+00
3.100000000000000089e+00 1.000000000000000000e+00
3.200000000000000178e+00 1.000000000000000000e+00
3.299999999999999822e+00 1.000000000000000000e+00
3.399999999999999911e+00 1.000000000000000000e+00
3.500000000000000000e+00 1.000000000000000000e+00
3.600000000000000089e+00 1.000000000000000000e+00
3.700000000000000178e+00 1.000000000000000000e+00
3.799999999999999822e+00 1.000000000000000000e+00
3.899999999999999911e+00 1.000000000000000000e+00
4.000000000000000000e+00 1.000000000000000000e+00
4.099999999999999645e+00 1.000000000000000000e+00
4.200000000000000178e+00 1.000000000000000000e+00
4.299999999999999822e+00 1.000000000000000000e+00
4.400000000000000355e+00 1.000000000000000000e+00
4.500000000000000000e+00 1.000000000000000000e+00
4.599999999999999645e+00 1.000000000000000000e+00
4.700000000000000178e+00 1.000000000000000000e+00
4.799999999999999822e+00 1.000000000000000000e+00
4.900000000000000355e+00 1.000000000000000000e+00
5.000000000000000000e+00 1.000000000000000000e+00
5.099999999999999645e+00 1.000000000000000000e+00
5.200000000000000178e+00 1.000000000000000000e+00
5.299999999999999822e+00 1.000000000000000000e+00
5.400000000000000355e+00 1.000000000000000000e+00
5.500000000000000000e+00 1.000000000000000000e+00
5.599999999999999645e+00 1.000000000000000000e+00
5.700000000000000178e+00 1.000000000000000000e+00
5.799999999999999822e+00 1.000000000000000000e+00
5.900000000000000355e+00 1.000000000000000000e+00
6.000000000000000000e+00 1.000000000000000000e+00
6.099999999999999645e+00 1.000000000000000000e+00
6.200000000000000178e+00 1.000000000000000000e+00
6.299999999999999822e+00 1.000000000000000000e+00
6.400000000000000355e+00 1.000000000000000000e+00
6.500000000000000000e+00 1.000000000000000000e+00
6.599999999999999645e+00 1.000000000000000000e+00
6.700000000000000178e+00 1.000000000000000000e+00
6.799999999999999822e+00 1.000000000000000000e+00
6.900000000000000355e+00 1.000000000000000000e+00
7.000000000000000000e+00 1.000000000000000000e+00
7.099999999999999645e+00 1.000000000000000000e+00
7.200000000000000178e+00 1.000000000000000000e+00
7.299999999999999822e+00 1.000000000000000000e+00
7.400000000000000355e+00 1.000000000000000000e+00
7.500000000000000000e+00 1.000000000000000000e+00
7.599999999999999645e+00 1.000000000000000000e+00
7.700000000000000178e+00 1.000000000000000000e+00
7.799999999999999822e+00 1.000000000000000000e+00
7.900000000000000355e+00 1.000000000000000000e+00
8.000000000000000000e+00 1.000000000000000000e+00
8.099999999999999645e+00 1.000000000000000000e+00
8.199999999999999289e+00 1.000000000000000000e+00
8.300000000000000711e+00 1.000000000000000000e+00
8.400000000000000355e+00 1.000000000000000000e+00
8.500000000000000000e+00 1.000000000000000000e+00
8.599999999999999645e+00 1.000000000000000000e+00
8.699999999999999289e+00 1.000000000000000000e+00
8.800000000000000711e+00 1.000000000000000000e+00
8.900000000000000355e+00 1.000000000000000000e+00
9.000000000000000000e+00 1.000000000000000000e+00
9.099999999999999645e+00 1.000000000000000000e+00
9.199999999999999289e+00 1.000000000000000000e+00
9.300000000000000711e+00 1.000000000000000000e+00
9.400000000000000355e+00 1.000000000000000000e+00
9.500000000000000000e+00 1.000000000000000000e+00
9.599999999999999645e+00 1.000000000000000000e+00
9.699999999999999289e+00 1.000000000000000000e+00
9.800000000000000711e+00 1.000000000000000000e+00
9.900000000000000355e+00 1.000000000000000000e+00
1.000000000000000000e+01 1.000000000000000000e+00
1.009999999999999964e+01 1.000000000000000000e+00
1.019999999999999929e+01 1.000000000000000000e+00
1.030000000000000071e+01 1.000000000000000000e+00
1.040000000000000036e+01 1.000000000000000000e+00
1.050000000000000000e+01 1.000000000000000000e+00
1.059999999999999964e+01 1.000000000000000000e+00
1.069999999999999929e+01 1.000000000000000000e+00
1.080000000000000071e+01 1.000000000000000000e+00
1.090000000000000036e+01 1.000000000000000000e+00
1.100000000000000000e+01 1.000000000000000000e+00
1.109999999999999964e+01 1.000000000000000000e+00
1.119999999999999929e+01 1.000000000000000000e+00
1.130000000000000071e+01 1.000000000000000000e+00
1.140000000000000036e+01 1.000000000000000000e+00
1.150000000000000000e+01 1.000000000000000000e+00
1.159999999999999964e+01 1.000000000000000000e+00
1.169999999999999929e+01 1.000000000000000000e+00
1.180000000000000071e+01 1.000000000000000000e+00
1.190000000000000036e+01 1.000000000000000000e+00
1.200000000000000000e+01 1.000000000000000000e+00
1.209999999999999964e+01 1.000000000000000000e+00
1.219999999999999929e+01 1.000000000000000000e+00
1.230000000000000071e+01 1.000000000000000000e+00
1.240000000000000036e+01 1.000000000000000000e+00
1.250000000000000000e+01 1.000000000000000000e+00
1.259999999999999964e+01 1.000000000000000000e+00
1.269999999999999929e+01 1.000000000000000000e+00
1.280000000000000071e+01 1.000000000000000000e+00
1.290000000000000036e+01 1.000000000000000000e+00
1.300000000000000000e+01 1.000000000000000000e+00
1.309999999999999964e+01 1.000000000000000000e+00
1.319999999999999929e+01 1.000000000000000000e+00
1.330000000000000071e+01 1.000000000000000000e+00
1.340000000000000036e+01 1.000000000000000000e+00
1.350000000000000000e+01 1.000000000000000000e+00
1.359999999999999964e+01 1.000000000000000000e+00
1.369999999999999929e+01 1.000000000000000000e+00
1.380000000000000071e+01 1.000000000000000000e+00
1.390000000000000036e+01 1.000000000000000000e+00
1.400000000000000000e+01 1.000000000000000000e+00
1.409999999999999964e+01 1.000000000000000000e+00
1.419999999999999929e+01 1.000000000000000000e+00
1.430000000000000071e+01 1.000000000000000000e+00
1.440000000000000036e+01 1.000000000000000000e+00
1.450000000000000000e+01 1.000000000000000000e+00
1.459999999999999964e+01 1.000000000000000000e+00
1.469999999999999929e+01 1.000000000000000000e+00
1.480000000000000071e+01 1.000000000000000000e+00
1.490000000000000036e+01 1.000000000000000000e+00
1.500000000000000000e+01 1.000000000000000000e+00
1.509999999999999964e+01 1.000000000000000000e+00
1.519999999999999929e+01 1.000000000000000000e+00
1.530000000000000071e+01 1.000000000000000000e+00
1.540000000000000036e+01 1.000000000000000000e+00
1.550000000000000000e+01 1.000000000000000000e+00
1.559999999999999964e+01 1.000000000000000000e+00
1.569999999999999929e+01 1.000000000000000000e+00
1.580000000000000071e+01 1.000000000000000000e+00
1.590000000000000036e+01 1.000000000000000000e+00
1.600000000000000000e+01 1.000000000000000000e+00
1.610000000000000142e+01 1.000000000000000000e+00
1.619999999999999929e+01 1.000000000000000000e+00
1.630000000000000071e+01 1.000000000000000000e+00
1.639999999999999858e+01 1.000000000000000000e+00
1.650000000000000000e+01 1.000000000000000000e+00
1.660000000000000142e+01 1.000000000000000000e+00
1.669999999999999929e+01 1.000000000000000000e+00
1.680000000000000071e+01 1.000000000000000000e+00
1.689999999999999858e+01 1.000000000000000000e+00
1.700000000000000000e+01 1.000000000000000000e+00
1.710000000000000142e+01 1.000000000000000000e+00
1.719999999999999929e+01 1.000000000000000000e+00
1.730000000000000071e+01 1.000000000000000000e+00
1.739999999999999858e+01 1.000000000000000000e+00
1.750000000000000000e+01 1.000000000000000000e+00
1.760000000000000142e+01 1.000000000000000000e+00
1.769999999999999929e+01 1.000000000000000000e+00
1.780000000000000071e+01 1.000000000000000000e+00
1.789999999999999858e+01 1.000000000000000000e+00
1.800000000000000000e+01 1.000000000000000000e+00
1.810000000000000142e+01 1.000000000000000000e+00
1.819999999999999929e+01 1.000000000000000000e+00
1.830000000000000071e+01 1.000000000000000000e+00
1.839999999999999858e+01 1.000000000000000000e+00
1.850000000000000000e+01 1.000000000000000000e+00
1.860000000000000142e+01 1.000000000000000000e+00
1.869999999999999929e+01 1.000000000000000000e+00
1.880000000000000071e+01 1.000000000000000000e+00
1.889999999999999858e+01 1.000000000000000000e+00
1.900000000000000000e+01 1.000000000000000000e+00
1.910000000000000142e+01 1.000000000000000000e+00
1.919999999999999929e+01 1.000000000000000000e+00
1.930000000000000071e+01 1.000000000000000000e+00
1.939999999999999858e+01 1.000000000000000000e+00
1.950000000000000000e+01 1.000000000000000000e+00
1.960000000000000142e+01 1.000000000000000000e+00
1.969999999999999929e+01 1.000000000000000000e+00
1.980000000000000071e+01 1.000000000000000000e+00
1.989999999999999858e+01 1.000000000000000000e+00
2.000000000000000000e+01 1.000000000000000000e+00
2.010000000000000142e+01 1.000000000000000000e+00
2.019999999999999929e+01 1.000000000000000000e+00
2.030000000000000071e+01 1.000000000000000000e+00
2.039999999999999858e+01 1.000000000000000000e+00
2.050000000000000000e+01 1.000000000000000000e+00
2.060000000000000142e+01 1.000000000000000000e+00
2.069999999999999929e+01 1.000000000000000000e+00
2.080000000000000071e+01 1.000000000000000000e+00
2.089999999999999858e+01 1.000000000000000000e+00
2.100000000000000000e+01 1.000000000000000000e+00
2.110000000000000142e+01 1.000000000000000000e+00
2.119999999999999929e+01 1.000000000000000000e+00
2.130000000000000071e+01 1.000000000000000000e+00
2.139999999999999858e+01 1.000000000000000000e+00
2.150000000000000000e+01 1.000000000000000000e+00
2.160000000000000142e+01 1.000000000000000000e+00
2.169999999999999929e+01 1.000000000000000000e+00
2.180000000000000071e+01 1.000000000000000000e+00
2.189999999999999858e+01 1.000000000000000000e+00
2.200000000000000000e+01 1.000000000000000000e+00
2.210000000000000142e+01 1.000000000000000000e+00
2.219999999999999929e+01 1.000000000000000000e+00
2.230000000000000071e+01 1.000000000000000000e+00
2.239999999999999858e+01 1.000000000000000000e+00
2.250000000000000000e+01 1.000000000000000000e+00
2.260000000000000142e+01 1.000000000000000000e+00
2.269999999999999929e+01 1.000000000000000000e+00
2.280000000000000071e+01 1.000000000000000000e+00
2.289999999999999858e+01 1.000000000000000000e+00
2.300000000000000000e+01 1.000000000000000000e+00
2.310000000000000142e+01 1.000000000000000000e+00
2.319999999999999929e+01 1.000000000000000000e+00
2.330000000000000071e+01 1.000000000000000000e+00
2.339999999999999858e+01 1.000000000000000000e+00
2.350000000000000000e+01 1.000000000000000000e+00
2.360000000000000142e+01 1.000000000000000000e+00
2.369999999999999929e+01 1.000000000000000000e+00
2.380000000000000071e+01 1.000000000000000000e+00
2.389999999999999858e+01 1.000000000000000000e+00
2.400000000000000000e+01 1.000000000000000000e+00
2.410000000000000142e+01 1.000000000000000000e+00
2.419999999999999929e+01 1.000000000000000000e+00
2.430000000000000071e+01 1.000000000000000000e+00
2.439999999999999858e+01 1.000000000000000000e+00
2.450000000000000000e+01 1.000000000000000000e+00
2.460000000000000142e+01 1.000000000000000000e+00
2.469999999999999929e+01 1.000000000000000000e+00
2.480000000000000071e+01 1.000000000000000000e+00
2.489999999999999858e+01 1.000000000000000000e+00
2.500000000000000000e+01 1.000000000000000000e+00
2.510000000000000142e+01 1.000000000000000000e+00
2.519999999999999929e+01 1.000000000000000000e+00
2.530000000000000071e+01 1.000000000000000000e+00
2.539999999999999858e+01 1.000000000000000000e+00
2.550000000000000000e+01 1.000000000000000000e+00
2.560000000000000142e+01 1.000000000000000000e+00
2.569999999999999929e+01 1.000000000000000000e+00
2.580000000000000071e+01 1.000000000000000000e+00
2.589999999999999858e+01 1.000000000000000000e+00
2.600000000000000000e+01 1.000000000000000000e+00
2.610000000000000142e+01 1.000000000000000000e+00
2.619999999999999929e+01 1.000000000000000000e+00
2.630000000000000071e+01 1.000000000000000000e+00
2.639999999999999858e+01 1.000000000000000000e+00
2.650000000000000000e+01 1.000000000000000000e+00
2.660000000000000142e+01 1.000000000000000000e+00
2.669999999999999929e+01 1.000000000000000000e+00
2.680000000000000071e+01 1.000000000000000000e+00
2.689999999999999858e+01 1.000000000000000000e+00
2.700000000000000000e+01 1.000000000000000000e+00
2.710000000000000142e+01 1.000000000000000000e+00
2.719999999999999929e+01 1.000000000000000000e+00
2.730000000000000071e+01 1.000000000000000000e+00
2.739999999999999858e+01 1.000000000000000000e+00
2.750000000000000000e+01 1.000000000000000000e+00
2.760000000000000142e+01 1.000000000000000000e+00
2.769999999999999929e+01 1.000000000000000000e+00
2.780000000000000071e+01 1.000000000000000000e+00
2.789999999999999858e+01 1.000000000000000000e+00
2.800000000000000000e+01 1.000000000000000000e+00
2.810000000000000142e+01 1.000000000000000000e+00
2.819999999999999929e+01 1.000000000000000000e+00
2.830000000000000071e+01 1.000000000000000000e+00
2.839999999999999858e+01 1.000000000000000000e+00
2.850000000000000000e+01 1.000000000000000000e+00
2.860000000000000142e+01 1.000000000000000000e+00
2.869999999999999929e+01 1.000000000000000000e+00
2.880000000000000071e+01 1.000000000000000000e+00
2.889999999999999858e+01 1.000000000000000000e+00
2.900000000000000000e+01 1.000000000000000000e+00
2.910000000000000142e+01 1.000000000000000000e+00
2.919999999999999929e+01 1.000000000000000000e+00
2.930000000000000071e+01 1.000000000000000000e+00
2.939999999999999858e+01 1.000000000000000000e+00
2.950000000000000000e+01 1.000000000000000000e+00
2.960000000000000142e+01 1.000000000000000000e+00
2.969999999999999929e+01 1.000000000000000000e+00
2.980000000000000071e+01 1.000000000000000000e+00
2.989999999999999858e+01 1.000000000000000000e+00
3.000000000000000000e+01 1.000000000000000000e+00
3.010000000000000142e+01 1.000000000000000000e+00
3.019999999999999929e+01 1.000000000000000000e+00
3.030000000000000071e+01 1.000000000000000000e+00
3.039999999999999858e+01 1.000000000000000000e+00
3.050000000000000000e+01 1.000000000000000000e+00
3.060000000000000142e+01 1.000000000000000000e+00
3.069999999999999929e+01 1.000000000000000000e+00
3.080000000000000071e+01 1.000000000000000000e+00
3.089999999999999858e+01 1.000000000000000000e+00
3.100000000000000000e+01 1.000000000000000000e+00
3.110000000000000142e+01 1.000000000000000000e+00
3.119999999999999929e+01 1.000000000000000000e+00
3.130000000000000071e+01 1.000000000000000000e+00
3.139999999999999858e+01 1.000000000000000000e+00
3.150000000000000000e+01 1.000000000000000000e+00
3.160000000000000142e+01 1.000000000000000000e+00
3.169999999999999929e+01 1.000000000000000000e+00
3.180000000000000071e+01 1.000000000000000000e+00
3.189999999999999858e+01 1.000000000000000000e+00
3.200000000000000000e+01 1.000000000000000000e+00
3.210000000000000142e+01 1.000000000000000000e+00
3.220000000000000284e+01 1.000000000000000000e+00
3.229999999999999716e+01 1.000000000000000000e+00
3.239999999999999858e+01 1.000000000000000000e+00
3.250000000000000000e+01 1.000000000000000000e+00
3.260000000000000142e+01 1.000000000000000000e+00
3.270000000000000284e+01 1.000000000000000000e+00
3.279999999999999716e+01 1.000000000000000000e+00
3.289999999999999858e+01 1.000000000000000000e+00
3.300000000000000000e+01 1.000000000000000000e+00
3.310000000000000142e+01 1.000000000000000000e+00
3.320000000000000284e+01 1.000000000000000000e+00
3.329999999999999716e+01 1.000000000000000000e+00
3.339999999999999858e+01 1.000000000000000000e+00
3.350000000000000000e+01 1.000000000000000000e+00
3.360000000000000142e+01 1.000000000000000000e+00
3.370000000000000284e+01 1.000000000000000000e+00
3.379999999999999716e+01 1.000000000000000000e+00
3.389999999999999858e+01 1.000000000000000000e+00
3.400000000000000000e+01 1.000000000000000000e+00
3.410000000000000142e+01 1.000000000000000000e+00
3.420000000000000284e+01 1.000000000000000000e+00
3.429999999999999716e+01 1.000000000000000000e+00
3.439999999999999858e+01 1.000000000000000000e+00
3.450000000000000000e+01 1.000000000000000000e+00
3.460000000000000142e+01 1.000000000000000000e+00
3.470000000000000284e+01 1.000000000000000000e+00
3.479999999999999716e+01 1.000000000000000000e+00
3.489999999999999858e+01 1.000000000000000000e+00
3.500000000000000000e+01 1.000000000000000000e+00
3.510000000000000142e+01 1.000000000000000000e+00
3.520000000000000284e+01 1.000000000000000000e+00
3.529999999999999716e+01 1.000000000000000000e+00
3.539999999999999858e+01 1.000000000000000000e+00
3.550000000000000000e+01 1.000000000000000000e+00
3.560000000000000142e+01 1.000000000000000000e+00
3.570000000000000284e+01 1.000000000000000000e+00
3.579999999999999716e+01 1.000000000000000000e+00
3.589999999999999858e+01 1.000000000000000000e+00
3.600000000000000000e+01 1.000000000000000000e+00
3.610000000000000142e+01 1.000000000000000000e+00
3.620000000000000284e+01 1.000000000000000000e+00
3.629999999999999716e+01 1.000000000000000000e+00
3.639999999999999858e+01 1.000000000000000000e+00
3.650000000000000000e+01 1.000000000000000000e+00
3.660000000000000142e+01 1.000000000000000000e+00
3.670000000000000284e+01 1.000000000000000000e+00
3.679999999999999716e+01 1.000000000000000000e+00
3.689999999999999858e+01 1.000000000000000000e+00
3.700000000000000000e+01 1.000000000000000000e+00
3.710000000000000142e+01 1.000000000000000000e+00
3.720000000000000284e+01 1.000000000000000000e+00
3.729999999999999716e+01 1.000000000000000000e+00
3.739999999999999858e+01 1.000000000000000000e+00
3.750000000000000000e+01 1.000000000000000000e+00
3.760000000000000142e+01 1.000000000000000000e+00
3.770000000000000284e+01 1.000000000000000000e+00
3.779999999999999716e+01 1.000000000000000000e+00
3.789999999999999858e+01 1.000000000000000000e+00
3.800000000000000000e+01 1.000000000000000000e+00
3.810000000000000142e+01 1.000000000000000000e+00
3.820000000000000284e+01 1.000000000000000000e+00
3.829999999999999716e+01 1.000000000000000000e+00
3.839999999999999858e+01 1.000000000000000000e+00
3.850000000000000000e+01 1.000000000000000000e+00
3.860000000000000142e+01 1.000000000000000000e+00
3.870000000000000284e+01 1.000000000000000000e+00
3.879999999999999716e+01 1.000000000000000000e+00
3.889999999999999858e+01 1.000000000000000000e+00
3.900000000000000000e+01 1.000000000000000000e+00
3.910000000000000142e+01 1.000000000000000000e+00
3.920000000000000284e+01 1.000000000000000000e+00
3.929999999999999716e+01 1.000000000000000000e+00
3.939999999999999858e+01 1.000000000000000000e+00
3.950000000000000000e+01 1.000000000000000000e+00
3.960000000000000142e+01 1.000000000000000000e+00
3.970000000000000284e+01 1.000000000000000000e+00
3.979999999999999716e+01 1.000000000000000000e+00
3.989999999999999858e+01 1.000000000000000000e+00
4.000000000000000000e+01 1.000000000000000000e+00
4.010000000000000142e+01 1.000000000000000000e+00
4.020000000000000284e+01 1.000000000000000000e+00
4.029999999999999716e+01 1.000000000000000000e+00
4.039999999999999858e+01 1.000000000000000000e+00
4.050000000000000000e+01 1.000000000000000000e+00
4.060000000000000142e+01 1.000000000000000000e+00
4.070000000000000284e+01 1.000000000000000000e+00
4.079999999999999716e+01 1.000000000000000000e+00
4.089999999999999858e+01 1.000000000000000000e+00
4.100000000000000000e+01 1.000000000000000000e+00
4.110000000000000142e+01 1.000000000000000000e+00
4.120000000000000284e+01 1.000000000000000000e+00
4.129999999999999716e+01 1.000000000000000000e+00
4.139999999999999858e+01 1.000000000000000000e+00
4.150000000000000000e+01 1.000000000000000000e+00
4.160000000000000142e+01 1.000000000000000000e+00
4.170000000000000284e+01 1.000000000000000000e+00
4.179999999999999716e+01 1.000000000000000000e+00
4.189999999999999858e+01 1.000000000000000000e+00
4.200000000000000000e+01 1.000000000000000000e+00
4.210000000000000142e+01 1.000000000000000000e+00
4.220000000000000284e+01 1.000000000000000000e+00
4.229999999999999716e+01 1.000000000000000000e+00
4.239999999999999858e+01 1.000000000000000000e+00
4.250000000000000000e+01 1.000000000000000000e+00
4.260000000000000142e+01 1.000000000000000000e+00
4.270000000000000284e+01 1.000000000000000000e+00
4.279999999999999716e+01 1.000000000000000000e+00
4.289999999999999858e+01 1.000000000000000000e+00
4.300000000000000000e+01 1.000000000000000000e+00
4.310000000000000142e+01 1.000000000000000000e+00
4.320000000000000284e+01 1.000000000000000000e+00
4.329999999999999716e+01 1.000000000000000000e+00
4.339999999999999858e+01 1.000000000000000000e+00
4.350000000000000000e+01 1.000000000000000000e+00
4.360000000000000142e+01 1.000000000000000000e+00
4.370000000000000284e+01 1.000000000000000000e+00
4.379999999999999716e+01 1.000000000000000000e+00
4.389999999999999858e+01 1.000000000000000000e+00
4.400000000000000000e+01 1.000000000000000000e+00
4.410000000000000142e+01 1.000000000000000000e+00
4.420000000000000284e+01 1.000000000000000000e+00
4.429999999999999716e+01 1.000000000000000000e+00
4.439999999999999858e+01 1.000000000000000000e+00
4.450000000000000000e+01 1.000000000000000000e+00
4.460000000000000142e+01 1.000000000000000000e+00
4.470000000000000284e+01 1.000000000000000000e+00
4.479999999999999716e+01 1.000000000000000000e+00
4.489999999999999858e+01 1.000000000000000000e+00
4.500000000000000000e+01 1.000000000000000000e+00
4.510000000000000142e+01 1.000000000000000000e+00
4.520000000000000284e+01 1.000000000000000000e+00
4.529999999999999716e+01 1.000000000000000000e+00
4.539999999999999858e+01 1.000000000000000000e+00
4.550000000000000000e+01 1.000000000000000000e+00
4.560000000000000142e+01 1.000000000000000000e+00
4.570000000000000284e+01 1.000000000000000000e+00
4.579999999999999716e+01 1.000000000000000000e+00
4.589999999999999858e+01 1.000000000000000000e+00
4.600000000000000000e+01 1.000000000000000000e+00
4.610000000000000142e+01 1.000000000000000000e+00
4.620000000000000284e+01 1.000000000000000000e+00
4.629999999999999716e+01 1.000000000000000000e+00
4.639999999999999858e+01 1.000000000000000000e+00
4.650000000000000000e+01 1.000000000000000000e+00
4.660000000000000142e+01 1.000000000000000000e+00
4.670000000000000284e+01 1.000000000000000000e+00
4.679999999999999716e+01 1.000000000000000000e+00
4.689999999999999858e+01 1.000000000000000000e+00
4.700000000000000000e+01 1.000000000000000000e+00
4.710000000000000142e+01 1.000000000000000000e+00
4.720000000000000284e+01 1.000000000000000000e+00
4.729999999999999716e+01 1.000000000000000000e+00
4.739999999999999858e+01 1.000000000000000000e+00
4.750000000000000000e+01 1.000000000000000000e+00
4.760000000000000142e+01 1.000000000000000000e+00
4.770000000000000284e+01 1.000000000000000000e+00
4.779999999999999716e+01 1.000000000000000000e+00
4.789999999999999858e+01 1.000000000000000000e+00
4.800000000000000000e+01 1.000000000000000000e+00
4.810000000000000142e+01 1.000000000000000000e+00
4.820000000000000284e+01 1.000000000000000000e+00
4.829999999999999716e+01 1.000000000000000000e+00
4.839999999999999858e+01 1.000000000000000000e+00
4.850000000000000000e+01 1.000000000000000000e+00
4.860000000000000142e+01 1.000000000000000000e+00
4.870000000000000284e+01 1.000000000000000000e+00
4.879999999999999716e+01 1.000000000000000000e+00
4.889999999999999858e+01 1.000000000000000000e+00
4.900000000000000000e+01 1.000000000000000000e+00
4.910000000000000142e+01 1.000000000000000000e+00
4.920000000000000284e+01 1.000000000000000000e+00
4.929999999999999716e+01 1.000000000000000000e+00
4.939999999999999858e+01 1.000000000000000000e+00
4.950000000000000000e+01 1.000000000000000000e+00
4.960000000000000142e+01 1.000000000000000000e+00
4.970000000000000284e+01 1.000000000000000000e+00
4.979999999999999716e+01 1.000000000000000000e+00
4.989999999999999858e+01 1.000000000000000000e+00
5.000000000000000000e+01 1.000000000000000000e+00
5.010000000000000142e+01 1.000000000000000000e+00
5.020000000000000284e+01 1.000000000000000000e+00
5.029999999999999716e+01 1.000000000000000000e+00
5.039999999999999858e+01 1.000000000000000000e+00
5.050000000000000000e+01 1.000000000000000000e+00
5.060000000000000142e+01 1.000000000000000000e+00
5.070000000000000284e+01 1.000000000000000000e+00
5.079999999999999716e+01 1.000000000000000000e+00
5.089999999999999858e+01 1.000000000000000000e+00
5.100000000000000000e+01 1.000000000000000000e+00
5.110000000000000142e+01 1.000000000000000000e+00
5.120000000000000284e+01 1.000000000000000000e+00
5.129999999999999716e+01 1.000000000000000000e+00
5.139999999999999858e+01 1.000000000000000000e+00
5.150000000000000000e+01 1.000000000000000000e+00
5.160000000000000142e+01 1.000000000000000000e+00
5.170000000000000284e+01 1.000000000000000000e+00
5.179999999999999716e+01 1.000000000000000000e+00
5.189999999999999858e+01 1.000000000000000000e+00
5.200000000000000000e+01 1.000000000000000000e+00
5.210000000000000142e+01 1.000000000000000000e+00
5.220000000000000284e+01 1.000000000000000000e+00
5.229999999999999716e+01 1.000000000000000000e+00
5.239999999999999858e+01 1.000000000000000000e+00
5.250000000000000000e+01 1.000000000000000000e+00
5.260000000000000142e+01 1.000000000000000000e+00
5.270000000000000284e+01 1.000000000000000000e+00
5.279999999999999716e+01 1.000000000000000000e+00
5.289999999999999858e+01 1.000000000000000000e+00
5.300000000000000000e+01 1.000000000000000000e+00
5.310000000000000142e+01 1.000000000000000000e+00
5.320000000000000284e+01 1.000000000000000000e+00
5.329999999999999716e+01 1.000000000000000000e+00
5.339999999999999858e+01 1.000000000000000000e+00
5.350000000000000000e+01 1.000000000000000000e+00
5.360000000000000142e+01 1.000000000000000000e+00
5.370000000000000284e+01 1.000000000000000000e+00
5.379999999999999716e+01 1.000000000000000000e+00
5.389999999999999858e+01 1.000000000000000000e+00
5.400000000000000000e+01 1.000000000000000000e+00
5.410000000000000142e+01 1.000000000000000000e+00
5.420000000000000284e+01 1.000000000000000000e+00
5.429999999999999716e+01 1.000000000000000000e+00
5.439999999999999858e+01 1.000000000000000000e+00
5.450000000000000000e+01 1.000000000000000000e+00
5.460000000000000142e+01 1.000000000000000000e+00
5.470000000000000284e+01 1.000000000000000000e+00
5.479999999999999716e+01 1.000000000000000000e+00
5.489999999999999858e+01 1.000000000000000000e+00
5.500000000000000000e+01 1.000000000000000000e+00
5.510000000000000142e+01 1.000000000000000000e+00
5.520000000000000284e+01 1.000000000000000000e+00
5.529999999999999716e+01 1.000000000000000000e+00
5.539999999999999858e+01 1.000000000000000000e+00
5.550000000000000000e+01 1.000000000000000000e+00
5.560000000000000142e+01 1.000000000000000000e+00
5.570000000000000284e+01 1.000000000000000000e+00
5.579999999999999716e+01 1.000000000000000000e+00
5.589999999999999858e+01 1.000000000000000000e+00
5.600000000000000000e+01 1.000000000000000000e+00
5.610000000000000142e+01 1.000000000000000000e+00
5.620000000000000284e+01 1.000000000000000000e+00
5.629999999999999716e+01 1.000000000000000000e+00
5.639999999999999858e+01 1.000000000000000000e+00
5.650000000000000000e+01 1.000000000000000000e+00
5.660000000000000142e+01 1.000000000000000000e+00
5.670000000000000284e+01 1.000000000000000000e+00
5.679999999999999716e+01 1.000000000000000000e+00
5.689999999999999858e+01 1.000000000000000000e+00
5.700000000000000000e+01 1.000000000000000000e+00
5.710000000000000142e+01 1.000000000000000000e+00
5.720000000000000284e+01 1.000000000000000000e+00
5.729999999999999716e+01 1.000000000000000000e+00
5.739999999999999858e+01 1.000000000000000000e+00
5.750000000000000000e+01 1.000000000000000000e+00
5.760000000000000142e+01 1.000000000000000000e+00
5.770000000000000284e+01 1.000000000000000000e+00
5.779999999999999716e+01 1.000000000000000000e+00
5.789999999999999858e+01 1.000000000000000000e+00
5.800000000000000000e+01 1.000000000000000000e+00
5.810000000000000142e+01 1.000000000000000000e+00
5.820000000000000284e+01 1.000000000000000000e+00
5.829999999999999716e+01 1.000000000000000000e+00
5.839999999999999858e+01 1.000000000000000000e+00
5.850000000000000000e+01 1.000000000000000000e+00
5.860000000000000142e+01 1.000000000000000000e+00
5.870000000000000284e+01 1.000000000000000000e+00
5.879999999999999716e+01 1.000000000000000000e+00
5.889999999999999858e+01 1.000000000000000000e+00
5.900000000000000000e+01 1.000000000000000000e+00
5.910000000000000142e+01 1.000000000000000000e+00
5.920000000000000284e+01 1.000000000000000000e+00
5.929999999999999716e+01 1.000000000000000000e+00
5.939999999999999858e+01 1.000000000000000000e+00
5.950000000000000000e+01 1.000000000000000000e+00
5.960000000000000142e+01 1.000000000000000000e+00
5.970000000000000284e+01 1.000000000000000000e+00
5.979999999999999716e+01 1.000000000000000000e+00
5.989999999999999858e+01 1.000000000000000000e+00
6.000000000000000000e+01 1.000000000000000000e+00
6.010000000000000142e+01 1.000000000000000000e+00
6.020000000000000284e+01 1.000000000000000000e+00
6.029999999999999716e+01 1.000000000000000000e+00
6.039999999999999858e+01 1.000000000000000000e+00
6.050000000000000000e+01 1.000000000000000000e+00
6.060000000000000142e+01 1.000000000000000000e+00
6.070000000000000284e+01 1.000000000000000000e+00
6.079999999999999716e+01 1.000000000000000000e+00
6.089999999999999858e+01 1.000000000000000000e+00
6.100000000000000000e+01 1.000000000000000000e+00
6.110000000000000142e+01 1.000000000000000000e+00
6.120000000000000284e+01 1.000000000000000000e+00
6.129999999999999716e+01 1.000000000000000000e+00
6.139999999999999858e+01 1.000000000000000000e+00
6.150000000000000000e+01 1.000000000000000000e+00
6.160000000000000142e+01 1.000000000000000000e+00
6.170000000000000284e+01 1.000000000000000000e+00
6.179999999999999716e+01 1.000000000000000000e+00
6.189999999999999858e+01 1.000000000000000000e+00
6.200000000000000000e+01 1.000000000000000000e+00
6.210000000000000142e+01 1.000000000000000000e+00
6.220000000000000284e+01 1.000000000000000000e+00
6.229999999999999716e+01 1.000000000000000000e+00
6.239999999999999858e+01 1.000000000000000000e+00
6.250000000000000000e+01 1.000000000000000000e+00
6.260000000000000142e+01 1.000000000000000000e+00
6.270000000000000284e+01 1.000000000000000000e+00
6.279999999999999716e+01 1.000000000000000000e+00
6.289999999999999858e+01 1.000000000000000000e+00
6.300000000000000000e+01 1.000000000000000000e+00
6.310000000000000142e+01 1.000000000000000000e+00
6.320000000000000284e+01 1.000000000000000000e+00
6.329999999999999716e+01 1.000000000000000000e+00
6.339999999999999858e+01 1.000000000000000000e+00
6.350000000000000000e+01 1.000000000000000000e+00
6.360000000000000142e+01 1.000000000000000000e+00
6.370000000000000284e+01 1.000000000000000000e+00
6.379999999999999716e+01 1.000000000000000000e+00
6.389999999999999858e+01 1.000000000000000000e+00
6.400000000000000000e+01 1.000000000000000000e+00
6.409999999999999432e+01 1.000000000000000000e+00
6.420000000000000284e+01 1.000000000000000000e+00
6.429999999999999716e+01 1.000000000000000000e+00
6.440000000000000568e+01 1.000000000000000000e+00
6.450000000000000000e+01 1.000000000000000000e+00
6.459999999999999432e+01 1.000000000000000000e+00
6.470000000000000284e+01 1.000000000000000000e+00
6.479999999999999716e+01 1.000000000000000000e+00
6.490000000000000568e+01 1.000000000000000000e+00
6.500000000000000000e+01 1.000000000000000000e+00
6.509999999999999432e+01 1.000000000000000000e+00
6.520000000000000284e+01 1.000000000000000000e+00
6.529999999999999716e+01 1.000000000000000000e+00
6.540000000000000568e+01 1.000000000000000000e+00
6.550000000000000000e+01 1.000000000000000000e+00
6.559999999999999432e+01 1.000000000000000000e+00
6.570000000000000284e+01 1.000000000000000000e+00
6.579999999999999716e+01 1.000000000000000000e+00
6.590000000000000568e+01 1.000000000000000000e+00
6.600000000000000000e+01 1.000000000000000000e+00
6.609999999999999432e+01 1.000000000000000000e+00
6.620000000000000284e+01 1.000000000000000000e+00
6.629999999999999716e+01 1.000000000000000000e+00
6.640000000000000568e+01 1.000000000000000000e+00
6.650000000000000000e+01 1.000000000000000000e+00
6.659999999999999432e+01 1.000000000000000000e+00
6.670000000000000284e+01 1.000000000000000000e+00
6.679999999999999716e+01 1.000000000000000000e+00
6.690000000000000568e+01 1.000000000000000000e+00
6.700000000000000000e+01 1.000000000000000000e+00
6.709999999999999432e+01 1.000000000000000000e+00
6.720000000000000284e+01 1.000000000000000000e+00
6.729999999999999716e+01 1.000000000000000000e+00
6.740000000000000568e+01 1.000000000000000000e+00
6.750000000000000000e+01 1.000000000000000000e+00
6.759999999999999432e+01 1.000000000000000000e+00
6.770000000000000284e+01 1.000000000000000000e+00
6.779999999999999716e+01 1.000000000000000000e+00
6.790000000000000568e+01 1.000000000000000000e+00
6.800000000000000000e+01 1.000000000000000000e+00
6.809999999999999432e+01 1.000000000000000000e+00
6.820000000000000284e+01 1.000000000000000000e+00
6.829999999999999716e+01 1.000000000000000000e+00
6.840000000000000568e+01 1.000000000000000000e+00
6.850000000000000000e+01 1.000000000000000000e+00
6.859999999999999432e+01 1.000000000000000000e+00
6.870000000000000284e+01 1.000000000000000000e+00
6.879999999999999716e+01 1.000000000000000000e+00
6.890000000000000568e+01 1.000000000000000000e+00
6.900000000000000000e+01 1.000000000000000000e+00
6.909999999999999432e+01 1.000000000000000000e+00
6.920000000000000284e+01 1.000000000000000000e+00
6.929999999999999716e+01 1.000000000000000000e+00
6.940000000000000568e+01 1.000000000000000000e+00
6.950000000000000000e+01 1.000000000000000000e+00
6.959999999999999432e+01 1.000000000000000000e+00
6.970000000000000284e+01 1.000000000000000000e+00
6.979999999999999716e+01 1.000000000000000000e+00
6.990000000000000568e+01 1.000000000000000000e+00
7.000000000000000000e+01 1.000000000000000000e+00
7.009999999999999432e+01 1.000000000000000000e+00
7.020000000000000284e+01 1.000000000000000000e+00
7.029999999999999716e+01 1.000000000000000000e+00
7.040000000000000568e+01 1.000000000000000000e+00
7.050000000000000000e+01 1.000000000000000000e+00
7.059999999999999432e+01 1.000000000000000000e+00
7.070000000000000284e+01 1.000000000000000000e+00
7.079999999999999716e+01 1.000000000000000000e+00
7.090000000000000568e+01 1.000000000000000000e+00
7.100000000000000000e+01 1.000000000000000000e+00
7.109999999999999432e+01 1.000000000000000000e+00
7.120000000000000284e+01 1.000000000000000000e+00
7.129999999999999716e+01 1.000000000000000000e+00
7.140000000000000568e+01 1.000000000000000000e+00
7.150000000000000000e+01 1.000000000000000000e+00
7.159999999999999432e+01 1.000000000000000000e+00
7.170000000000000284e+01 1.000000000000000000e+00
7.179999999999999716e+01 1.000000000000000000e+00
7.190000000000000568e+01 1.000000000000000000e+00
7.200000000000000000e+01 1.000000000000000000e+00
7.209999999999999432e+01 1.000000000000000000e+00
7.220000000000000284e+01 1.000000000000000000e+00
7.229999999999999716e+01 1.000000000000000000e+00
7.240000000000000568e+01 1.000000000000000000e+00
7.250000000000000000e+01 1.000000000000000000e+00
7.259999999999999432e+01 1.000000000000000000e+00
7.270000000000000284e+01 1.000000000000000000e+00
7.279999999999999716e+01 1.000000000000000000e+00
7.290000000000000568e+01 1.000000000000000000e+00
7.300000000000000000e+01 1.000000000000000000e+00
7.309999999999999432e+01 1.000000000000000000e+00
7.320000000000000284e+01 1.000000000000000000e+00
7.329999999999999716e+01 1.000000000000000000e+00
7.340000000000000568e+01 1.000000000000000000e+00
7.350000000000000000e+01 1.000000000000000000e+00
7.359999999999999432e+01 1.000000000000000000e+00
7.370000000000000284e+01 1.000000000000000000e+00
7.379999999999999716e+01 1.000000000000000000e+00
7.390000000000000568e+01 1.000000000000000000e+00
7.400000000000000000e+01 1.000000000000000000e+00
7.409999999999999432e+01 1.000000000000000000e+00
7.420000000000000284e+01 1.000000000000000000e+00
7.429999999999999716e+01 1.000000000000000000e+00
7.440000000000000568e+01 1.000000000000000000e+00
7.450000000000000000e+01 1.000000000000000000e+00
7.459999999999999432e+01 1.000000000000000000e+00
7.470000000000000284e+01 1.000000000000000000e+00
7.479999999999999716e+01 1.000000000000000000e+00
7.490000000000000568e+01 1.000000000000000000e+00
7.500000000000000000e+01 1.000000000000000000e+00
7.509999999999999432e+01 1.000000000000000000e+00
7.520000000000000284e+01 1.000000000000000000e+00
7.529999999999999716e+01 1.000000000000000000e+00
7.540000000000000568e+01 1.000000000000000000e+00
7.550000000000000000e+01 1.000000000000000000e+00
7.559999999999999432e+01 1.000000000000000000e+00
7.570000000000000284e+01 1.000000000000000000e+00
7.579999999999999716e+01 1.000000000000000000e+00
7.590000000000000568e+01 1.000000000000000000e+00
7.600000000000000000e+01 1.000000000000000000e+00
7.609999999999999432e+01 1.000000000000000000e+00
7.620000000000000284e+01 1.000000000000000000e+00
7.629999999999999716e+01 1.000000000000000000e+00
7.640000000000000568e+01 1.000000000000000000e+00
7.650000000000000000e+01 1.000000000000000000e+00
7.659999999999999432e+01 1.000000000000000000e+00
7.670000000000000284e+01 1.000000000000000000e+00
7.679999999999999716e+01 1.000000000000000000e+00
7.690000000000000568e+01 1.000000000000000000e+00
7.700000000000000000e+01 1.000000000000000000e+00
7.709999999999999432e+01 1.000000000000000000e+00
7.720000000000000284e+01 1.000000000000000000e+00
7.729999999999999716e+01 1.000000000000000000e+00
7.740000000000000568e+01 1.000000000000000000e+00
7.750000000000000000e+01 1.000000000000000000e+00
7.759999999999999432e+01 1.000000000000000000e+00
7.770000000000000284e+01 1.000000000000000000e+00
7.779999999999999716e+01 1.000000000000000000e+00
7.790000000000000568e+01 1.000000000000000000e+00
7.800000000000000000e+01 1.000000000000000000e+00
7.809999999999999432e+01 1.000000000000000000e+00
7.820000000000000284e+01 1.000000000000000000e+00
7.829999999999999716e+01 1.000000000000000000e+00
7.840000000000000568e+01 1.000000000000000000e+00
7.850000000000000000e+01 1.000000000000000000e+00
7.859999999999999432e+01 1.000000000000000000e+00
7.870000000000000284e+01 1.000000000000000000e+00
7.879999999999999716e+01 1.000000000000000000e+00
7.890000000000000568e+01 1.000000000000000000e+00
7.900000000000000000e+01 1.000000000000000000e+00
7.909999999999999432e+01 1.000000000000000000e+00
7.920000000000000284e+01 1.000000000000000000e+00
7.929999999999999716e+01 1.000000000000000000e+00
7.940000000000000568e+01 1.000000000000000000e+00
7.950000000000000000e+01 1.000000000000000000e+00
7.959999999999999432e+01 1.000000000000000000e+00
7.970000000000000284e+01 1.000000000000000000e+00
7.979999999999999716e+01 1.000000000000000000e+00
7.990000000000000568e+01 1.000000000000000000e+00
8.000000000000000000e+01 1.000000000000000000e+00
8.009999999999999432e+01 1.000000000000000000e+00
8.020000000000000284e+01 1.000000000000000000e+00
8.029999999999999716e+01 1.000000000000000000e+00
8.040000000000000568e+01 1.000000000000000000e+00
8.050000000000000000e+01 1.000000000000000000e+00
8.059999999999999432e+01 1.000000000000000000e+00
8.070000000000000284e+01 1.000000000000000000e+00
8.079999999999999716e+01 1.000000000000000000e+00
8.090000000000000568e+01 1.000000000000000000e+00
8.100000000000000000e+01 1.000000000000000000e+00
8.109999999999999432e+01 1.000000000000000000e+00
8.120000000000000284e+01 1.000000000000000000e+00
8.129999999999999716e+01 1.000000000000000000e+00
8.140000000000000568e+01 1.000000000000000000e+00
8.150000000000000000e+01 1.000000000000000000e+00
8.159999999999999432e+01 1.000000000000000000e+00
8.170000000000000284e+01 1.000000000000000000e+00
8.179999999999999716e+01 1.000000000000000000e+00
8.190000000000000568e+01 1.000000000000000000e+00
8.200000000000000000e+01 1.000000000000000000e+00
8.209999999999999432e+01 1.000000000000000000e+00
8.220000000000000284e+01 1.000000000000000000e+00
8.229999999999999716e+01 1.000000000000000000e+00
8.240000000000000568e+01 1.000000000000000000e+00
8.250000000000000000e+01 1.000000000000000000e+00
8.259999999999999432e+01 1.000000000000000000e+00
8.270000000000000284e+01 1.000000000000000000e+00
8.279999999999999716e+01 1.000000000000000000e+00
8.290000000000000568e+01 1.000000000000000000e+00
8.300000000000000000e+01 1.000000000000000000e+00
8.309999999999999432e+01 1.000000000000000000e+00
8.320000000000000284e+01 1.000000000000000000e+00
8.329999999999999716e+01 1.000000000000000000e+00
8.340000000000000568e+01 1.000000000000000000e+00
8.350000000000000000e+01 1.000000000000000000e+00
8.359999999999999432e+01 1.000000000000000000e+00
8.370000000000000284e+01 1.000000000000000000e+00
8.379999999999999716e+01 1.000000000000000000e+00
8.390000000000000568e+01 1.000000000000000000e+00
8.400000000000000000e+01 1.000000000000000000e+00
8.409999999999999432e+01 1.000000000000000000e+00
8.420000000000000284e+01 1.000000000000000000e+00
8.429999999999999716e+01 1.000000000000000000e+00
8.440000000000000568e+01 1.000000000000000000e+00
8.450000000000000000e+01 1.000000000000000000e+00
8.459999999999999432e+01 1.000000000000000000e+00
8.470000000000000284e+01 1.000000000000000000e+00
8.479999999999999716e+01 1.000000000000000000e+00
8.490000000000000568e+01 1.000000000000000000e+00
8.500000000000000000e+01 1.000000000000000000e+00
8.509999999999999432e+01 1.000000000000000000e+00
8.520000000000000284e+01 1.000000000000000000e+00
8.529999999999999716e+01 1.000000000000000000e+00
8.540000000000000568e+01 1.000000000000000000e+00
8.550000000000000000e+01 1.000000000000000000e+00
