0.0 0.10563832773751675
0.0416 0.11234680648307445
0.0832 0.16955808338664932
0.1248 0.2493317309720038
0.1664 0.32898713419487
0.208 0.3923813775167769
0.2496 0.4421523097887524
0.2912 0.48823617345577336
0.3328 0.5345554704841905
0.37439999999999996 0.5817077819360513
0.416 0.6286913270679616
0.4576 0.674345105196033
0.4992 0.7166228121799619
0.5408 0.7550050845115553
0.5824 0.7885310450172655
0.624 0.8169736787785845
0.6656 0.841731791391329
0.7071999999999999 0.8624082743194075
0.7487999999999999 0.8798039329563972
0.7904 0.8944106728204376
0.832 0.9072078330431368
0.8735999999999999 0.9180341068230818
0.9152 0.9269908138000128
0.9568 0.9346945000608691
0.9984 0.9413793606000457
1.04 0.9470634104270731
1.0816 0.9519052766780526
1.1232 0.9559615577453722
1.1648 0.9594916613508366
1.2064 0.9623308573561673
1.248 0.9647785340827153
1.2895999999999999 0.9670913659570625
1.3312 0.969023691572023
1.3728 0.9708295438084943
1.4143999999999999 0.9724046474480216
1.456 0.9739683051085235
1.4975999999999998 0.9753389805572711
1.5392 0.9767406595800505
1.5808 0.9780816518213549
1.6223999999999998 0.9794040287826219
1.664 0.9808097267294636
1.7056 0.9821737190727134
1.7471999999999999 0.9835140201739031
1.7888 0.9848123341469995
1.8304 0.986060975256021
1.8719999999999999 0.987355146412909
1.9136 0.9886986681934903
1.9551999999999998 0.9898972621080204
1.9968 0.9910892551363079
2.0383999999999998 0.9921000016014361
2.08 0.9930095531778617
2.1216 0.993840513899898
2.1632 0.9946553244425701
2.2048 0.995326090917078
2.2464 0.9959147574942427
2.288 0.9964130555339548
2.3296 0.9967968965243484
2.3712 0.9971522614759963
2.4128 0.9974594192371398
2.4543999999999997 0.997724202123797
2.496 0.9979730844268989
2.5376 0.9981251031486995
2.5791999999999997 0.9982916602505696
2.6208 0.9984303878841321
2.6624 0.9985324497718846
2.7039999999999997 0.9986292436334718
2.7456 0.9987151777673199
2.7872 0.9987845311475875
2.8287999999999998 0.9988424880077453
2.8704 0.9989198558455438
2.912 0.9989837738851932
2.9536 0.9990515901156551
2.9951999999999996 0.9991166748544267
3.0368 0.9991733910881778
3.0784 0.9992320866533786
3.1199999999999997 0.999287613233409
3.1616 0.9993446269770432
3.2032 0.9993828711878816
3.2447999999999997 0.9994251009502925
3.2864 0.9994737577179381
3.328 0.9995064238465461
3.3695999999999997 0.9995468091638934
3.4112 0.9995823823346304
3.4528 0.9996145784570282
3.4943999999999997 0.9996384352472304
3.536 0.9996660484471546
3.5776 0.9997042874120822
3.6191999999999998 0.9997250029079375
3.6608 0.9997636571424107
3.7024 0.9997909717244676
3.7439999999999998 0.9998300222101361
3.7855999999999996 0.9998467487613921
3.8272 0.9998672674014297
3.8688 0.9998965890605941
3.9103999999999997 0.999914287693737
3.952 0.9999309294986581
3.9936 0.9999551820480116
4.0352 0.9999658957139709
4.0767999999999995 0.9999759485220417
4.118399999999999 0.9999771875651382
4.16 0.9999771875651382
