0.0 0.10970224752700358
0.0428 0.09573661679295478
0.0856 0.13149048674616334
0.1284 0.18849654098051383
0.1712 0.26111174063605963
0.214 0.3393125760873416
0.2568 0.41313387284267256
0.2996 0.47963857714349983
0.3424 0.5388095202817422
0.3852 0.5936941328085522
0.428 0.6441381699257012
0.4708 0.6903383637825135
0.5136 0.7307380534599012
0.5564 0.7646391326519186
0.5992 0.7925633870660855
0.642 0.8153879815576004
0.6848 0.8340134987069525
0.7275999999999999 0.8490928078044298
0.7704 0.8614252356516868
0.8131999999999999 0.8720446507056673
0.856 0.881375566940707
0.8987999999999999 0.8899513101235135
0.9416 0.8977286292426159
0.9843999999999999 0.9048039917058047
1.0272 0.9116701929973318
1.0699999999999998 0.9183243494256862
1.1128 0.9246726205645358
1.1556 0.9309967058479444
1.1984 0.9370416054503129
1.2411999999999999 0.9429896246007723
1.284 0.9485548500690729
1.3268 0.954019425510758
1.3696 0.9591031187656782
1.4123999999999999 0.963958833480113
1.4551999999999998 0.9682560504444432
1.498 0.9721673096780459
1.5408 0.9757634820903681
1.5836 0.9788038653312139
1.6263999999999998 0.9813619527543394
1.6692 0.9836743888532183
1.712 0.9854707345386154
1.7548 0.9869539650022338
1.7975999999999999 0.9880717273673487
1.8403999999999998 0.9890556028281172
1.8832 0.9898446797010612
1.926 0.9905346197433181
1.9687999999999999 0.9911353221459476
2.0116 0.991621308166673
2.0544 0.9920351837886617
2.0972 0.9923858577911463
2.1399999999999997 0.992732107800862
2.1828 0.9930624612982819
2.2256 0.9933679840059951
2.2683999999999997 0.9936776820166109
2.3112 0.9939698964451699
2.354 0.994216176145157
2.3968 0.9945206864232653
2.4396 0.9948074276313161
2.4823999999999997 0.9950661737563912
2.5252 0.9953801182234538
2.568 0.9956715967315535
2.6108 0.9960057269319905
2.6536 0.9962781883359982
2.6963999999999997 0.9965469827101646
2.7392 0.9968445038434379
2.782 0.9970993875995141
2.8247999999999998 0.9973339434559136
2.8676 0.9975413627871897
2.9103999999999997 0.9977237629956663
2.9532 0.9978711232762761
2.996 0.9980384767017715
3.0387999999999997 0.9981655017383638
3.0816 0.9982824629911218
3.1243999999999996 0.9983998816466912
3.1672 0.9984932465136976
3.21 0.9986037566523505
3.2527999999999997 0.9986968348889769
3.2956 0.9988087910043597
3.3384 0.9988567418166361
3.3811999999999998 0.9989100122132872
3.424 0.9989700200505878
3.4667999999999997 0.9990160817208287
3.5096 0.9990595044319875
3.5524 0.9991033587595759
3.5951999999999997 0.9991501081674923
3.638 0.9991822289221725
3.6807999999999996 0.9992265050358076
3.7236 0.9992665696279239
3.7664 0.9993130796749023
3.8091999999999997 0.9993531942891745
3.852 0.9993886403446242
3.8947999999999996 0.9994112258449493
3.9375999999999998 0.9994456721852835
3.9804 0.9994830142973975
4.0232 0.9995256715102053
4.066 0.999555266031343
4.1088 0.9995850675303463
4.1516 0.9996108781676151
4.1944 0.9996327372225565
4.2372 0.9996611832541666
4.279999999999999 0.9996933304850526
