0.0 0.060904788322960556
0.0424 0.1462026686563857
0.0848 0.24848402690920518
0.1272 0.3666879159079541
0.1696 0.462903461237538
0.212 0.5317882382325614
0.2544 0.5886311985386102
0.2968 0.6449238697274143
0.3392 0.7025431576195539
0.3816 0.7575311982083117
0.424 0.8073730836290893
0.4664 0.850201211464307
0.5088 0.8864660477963434
0.5512 0.9158187228637319
0.5936 0.938148711193847
0.636 0.9546276700400752
0.6784 0.9668435515869205
0.7208 0.9756870933785747
0.7632 0.98194690273698
0.8056 0.9866413178840664
0.848 0.9901254672910855
0.8904 0.9925699036112181
0.9328 0.9943612017162992
0.9752 0.9956347966438264
1.0176 0.9967166435951477
1.06 0.9974660172910806
1.1024 0.9979872806885435
1.1448 0.9983955283586226
1.1872 0.9987162031389798
1.2296 0.9990144570623551
1.272 0.9992428279652816
1.3144 0.9994020537831416
1.3568 0.9995637973517089
1.3992 0.9996905603465763
1.4416 0.9997589733838632
1.484 0.9998321742732127
1.5264 0.9998779571031647
1.5688 0.9999137925922049
1.6112 0.999946043306028
1.6536 0.9999557037500264
1.696 0.9999776272378496
1.7384 0.9999867726478305
1.7808 0.9999940189810894
1.8232 0.9999959649712785
1.8656 0.9999986516494385
1.908 0.9999986516494385
1.9504 0.9999986516494385
1.9928 0.9999986516494385
2.0352 0.9999986516494385
2.0776 0.9999986516494385
2.12 1.0
2.1624 1.0
2.2048 1.0
2.2472 1.0
2.2896 1.0
2.332 1.0
2.3744 1.0
2.4168 1.0
2.4592 1.0
2.5016 1.0
2.544 1.0
2.5864 1.0
2.6288 1.0
2.6712 1.0
2.7136 1.0
2.7560000000000002 1.0
2.7984 1.0
2.8408 1.0
2.8832 1.0
2.9256 1.0
2.968 1.0
3.0104 1.0
3.0528 1.0
3.0952 1.0
3.1376 1.0
3.18 1.0
3.2224 1.0
3.2648 1.0
3.3072 1.0
3.3496 1.0
3.392 1.0
3.4344 1.0
3.4768 1.0
3.5192 1.0
3.5616 1.0
3.604 1.0
3.6464 1.0
3.6888 1.0
3.7312 1.0
3.7736 1.0
3.816 1.0
3.8584 1.0
3.9008 1.0
3.9432 1.0
3.9856 1.0
4.028 1.0
4.0704 1.0
4.1128 1.0
4.1552 1.0
4.1976 1.0
4.24 1.0
