0.1 0.2017743641
0.2 0.3801901769
0.3 0.4980344863
0.4 0.6106207328
0.5 0.7173609328
0.6 0.8005644670
0.7 0.8588296523
0.8 0.8973638636
0.9 0.9237181709
1.0 0.9415979779
1.1 0.9536994010
1.2 0.9618940580
1.3 0.9675744474
1.4 0.9718594193
1.5 0.9754198467
1.6 0.9786919796
1.7 0.9819901047
1.8 0.9851485068
1.9 0.9882594399
2.0 0.9911670049
2.1 0.9934090535
2.2 0.9952486948
2.3 0.9965237789
2.4 0.9973649092
2.5 0.9979877016
2.6 0.9983610241
2.7 0.9986199365
2.8 0.9988023640
2.9 0.9989653360
3.0 0.9991232190
3.1 0.9992609178
3.2 0.9993799293
3.3 0.9994844370
3.4 0.9995728049
3.5 0.9996421524
3.6 0.9997154419
3.7 0.9997893959
3.8 0.9998538514
3.9 0.9999098630
4.0 0.9999568303
4.1 0.9999766395
4.2 0.9999771876
4.3 0.9999771876
4.4 0.9999771876
4.5 0.9999771876
4.6 0.9999771876
4.7 0.9999771876
4.8 0.9999771876
4.9 0.9999771876
5.0 0.9999771876
5.1 0.9999771876
5.2 0.9999771876
5.3 0.9999771876
5.4 0.9999771876
5.5 0.9999771876
5.6 0.9999771876
5.7 0.9999771876
5.8 0.9999771876
5.9 0.9999771876
6.0 0.9999771876
6.1 0.9999771876
6.2 0.9999771876
6.3 0.9999771876
6.4 0.9999771876
6.5 0.9999771876
6.6 0.9999771876
6.7 0.9999771876
6.8 0.9999771876
6.9 0.9999771876
7.0 0.9999771876
7.1 0.9999771876
7.2 0.9999771876
7.3 0.9999771876
7.4 0.9999771876
7.5 0.9999771876
7.6 0.9999771876
7.7 0.9999771876
7.8 0.9999771876
7.9 0.9999771876
8.0 0.9999771876
8.1 0.9999771876
8.2 0.9999771876
8.3 0.9999771876
8.4 0.9999771876
8.5 0.9999771876
8.6 0.9999771876
8.7 0.9999771876
8.8 0.9999771876
8.9 0.9999771876
9.0 0.9999771876
9.1 0.9999771876
9.2 0.9999771876
9.3 0.9999771876
9.4 0.9999771876
9.5 0.9999771876
9.6 0.9999771876
9.7 0.9999771876
9.8 0.9999771876
9.9 0.9999771876
10.0 0.9999771876
10.1 0.9999771876
10.2 0.9999771876
10.3 0.9999771876
10.4 0.9999771876
10.5 0.9999771876
10.6 0.9999771876
10.7 0.9999771876
10.8 0.9999771876
10.9 0.9999771876
11.0 0.9999771876
11.1 0.9999771876
11.2 0.9999771876
11.3 0.9999771876
11.4 0.9999771876
11.5 0.9999771876
11.6 0.9999771876
11.7 0.9999771876
11.8 0.9999771876
11.9 0.9999771876
12.0 0.9999771876
12.1 0.9999771876
12.2 0.9999771876
12.3 0.9999771876
12.4 0.9999771876
12.5 0.9999771876
12.6 0.9999771876
12.7 0.9999771876
12.8 0.9999771876
12.9 0.9999771876
13.0 0.9999771876
13.1 0.9999771876
13.2 0.9999771876
13.3 0.9999771876
13.4 0.9999771876
13.5 0.9999771876
13.6 0.9999771876
13.7 0.9999771876
13.8 0.9999771876
13.9 0.9999771876
14.0 0.9999771876
14.1 0.9999771876
14.2 0.9999771876
14.3 0.9999771876
14.4 0.9999771876
14.5 0.9999771876
14.6 0.9999771876
14.7 0.9999771876
14.8 0.9999771876
14.9 0.9999771876
15.0 0.9999771876
15.1 0.9999771876
15.2 0.9999771876
15.3 0.9999771876
15.4 0.9999771876
15.5 0.9999771876
15.6 0.9999771876
15.7 0.9999771876
15.8 0.9999771876
15.9 0.9999771876
16.0 0.9999771876
16.1 0.9999771876
16.2 0.9999771876
16.3 0.9999771876
16.4 0.9999771876
16.5 0.9999771876
16.6 0.9999771876
16.7 0.9999771876
16.8 0.9999771876
16.9 0.9999771876
17.0 0.9999771876
17.1 0.9999771876
17.2 0.9999771876
17.3 0.9999771876
17.4 0.9999771876
17.5 0.9999771876
17.6 0.9999771876
17.7 0.9999771876
17.8 0.9999771876
17.9 0.9999771876
18.0 0.9999771876
18.1 0.9999771876
18.2 0.9999771876
18.3 0.9999771876
18.4 0.9999771876
18.5 0.9999771876
18.6 0.9999771876
18.7 0.9999771876
18.8 0.9999771876
18.9 0.9999771876
19.0 0.9999771876
19.1 0.9999771876
19.2 0.9999771876
19.3 0.9999771876
19.4 0.9999771876
19.5 0.9999771876
19.6 0.9999771876
19.7 0.9999771876
19.8 0.9999771876
19.9 0.9999771876
20.0 0.9999771876
20.1 0.9999771876
20.2 0.9999771876
20.3 0.9999771876
20.4 0.9999771876
20.5 0.9999771876
20.6 0.9999771876
20.7 0.9999771876
20.8 0.9999771876
20.9 0.9999771876
21.0 0.9999771876
21.1 0.9999771876
21.2 0.9999771876
21.3 0.9999771876
21.4 0.9999771876
21.5 0.9999771876
21.6 0.9999771876
21.7 0.9999771876
21.8 0.9999771876
21.9 0.9999771876
22.0 0.9999771876
22.1 0.9999771876
22.2 0.9999771876
22.3 0.9999771876
22.4 0.9999771876
22.5 0.9999771876
22.6 0.9999771876
22.7 0.9999771876
22.8 0.9999771876
22.9 0.9999771876
23.0 0.9999771876
23.1 0.9999771876
23.2 0.9999771876
23.3 0.9999771876
23.4 0.9999771876
23.5 0.9999771876
23.6 0.9999771876
23.7 0.9999771876
23.8 0.9999771876
23.9 0.9999771876
24.0 0.9999771876
24.1 0.9999771876
24.2 0.9999771876
24.3 0.9999771876
24.4 0.9999771876
24.5 0.9999771876
24.6 0.9999771876
24.7 0.9999771876
24.8 0.9999771876
24.9 0.9999771876
25.0 0.9999771876
25.1 0.9999771876
25.2 0.9999771876
25.3 0.9999771876
25.4 0.9999771876
25.5 0.9999771876
25.6 0.9999771876
25.7 0.9999771876
25.8 0.9999771876
25.9 0.9999771876
26.0 0.9999771876
26.1 0.9999771876
26.2 0.9999771876
26.3 0.9999771876
26.4 0.9999771876
26.5 0.9999771876
26.6 0.9999771876
26.7 0.9999771876
26.8 0.9999771876
26.9 0.9999771876
27.0 0.9999771876
27.1 0.9999771876
27.2 0.9999771876
27.3 0.9999771876
27.4 0.9999771876
27.5 0.9999771876
27.6 0.9999771876
27.7 0.9999771876
27.8 0.9999771876
27.9 0.9999771876
28.0 0.9999771876
28.1 0.9999771876
28.2 0.9999771876
28.3 0.9999771876
28.4 0.9999771876
28.5 0.9999771876
28.6 0.9999771876
28.7 0.9999771876
28.8 0.9999771876
28.9 0.9999771876
29.0 0.9999771876
29.1 0.9999771876
29.2 0.9999771876
29.3 0.9999771876
29.4 0.9999771876
29.5 0.9999771876
29.6 0.9999771876
29.7 0.9999771876
29.8 0.9999771876
29.9 0.9999771876
30.0 0.9999771876
30.1 0.9999771876
30.2 0.9999771876
30.3 0.9999771876
30.4 0.9999771876
30.5 0.9999771876
30.6 0.9999771876
30.7 0.9999771876
30.8 0.9999771876
30.9 0.9999771876
31.0 0.9999771876
31.1 0.9999771876
31.2 0.9999771876
31.3 0.9999771876
31.4 0.9999771876
31.5 0.9999771876
31.6 0.9999771876
31.7 0.9999771876
31.8 0.9999771876
31.9 0.9999771876
32.0 0.9999771876
32.1 0.9999771876
32.2 0.9999771876
32.3 0.9999771876
32.4 0.9999771876
32.5 0.9999771876
32.6 0.9999771876
32.7 0.9999771876
32.8 0.9999771876
32.9 0.9999771876
33.0 0.9999771876
33.1 0.9999771876
33.2 0.9999771876
33.3 0.9999771876
33.4 0.9999771876
33.5 0.9999771876
33.6 0.9999771876
33.7 0.9999771876
33.8 0.9999771876
33.9 0.9999771876
34.0 0.9999771876
34.1 0.9999771876
34.2 0.9999771876
34.3 0.9999771876
34.4 0.9999771876
34.5 0.9999771876
34.6 0.9999771876
34.7 0.9999771876
34.8 0.9999771876
34.9 0.9999771876
35.0 0.9999771876
35.1 0.9999771876
35.2 0.9999771876
35.3 0.9999771876
35.4 0.9999771876
35.5 0.9999771876
35.6 0.9999771876
35.7 0.9999771876
35.8 0.9999771876
35.9 0.9999771876
36.0 0.9999771876
36.1 0.9999771876
36.2 0.9999771876
36.3 0.9999771876
36.4 0.9999771876
36.5 0.9999771876
36.6 0.9999771876
36.7 0.9999771876
36.8 0.9999771876
36.9 0.9999771876
37.0 0.9999771876
37.1 0.9999771876
37.2 0.9999771876
37.3 0.9999771876
37.4 0.9999771876
37.5 0.9999771876
37.6 0.9999771876
37.7 0.9999771876
37.8 0.9999771876
37.9 0.9999771876
38.0 0.9999771876
38.1 0.9999771876
38.2 0.9999771876
38.3 0.9999771876
38.4 0.9999771876
38.5 0.9999771876
38.6 0.9999771876
38.7 0.9999771876
38.8 0.9999771876
38.9 0.9999771876
39.0 0.9999771876
39.1 0.9999771876
39.2 0.9999771876
39.3 0.9999771876
39.4 0.9999771876
39.5 0.9999771876
39.6 0.9999771876
39.7 0.9999771876
39.8 0.9999771876
39.9 0.9999771876
40.0 0.9999771876
40.1 0.9999771876
40.2 0.9999771876
40.3 0.9999771876
40.4 0.9999771876
40.5 0.9999771876
40.6 0.9999771876
40.7 0.9999771876
40.8 0.9999771876
40.9 0.9999771876
41.0 0.9999771876
41.1 0.9999771876
41.2 0.9999771876
41.3 0.9999771876
41.4 0.9999771876
41.5 0.9999771876
41.6 0.9999771876
41.7 0.9999771876
41.8 0.9999771876
41.9 0.9999771876
42.0 0.9999771876
42.1 0.9999771876
42.2 0.9999771876
42.3 0.9999771876
42.4 0.9999771876
42.5 0.9999771876
42.6 0.9999771876
42.7 0.9999771876
42.8 0.9999771876
42.9 0.9999771876
43.0 0.9999771876
43.1 0.9999771876
43.2 0.9999771876
43.3 0.9999771876
43.4 0.9999771876
43.5 0.9999771876
43.6 0.9999771876
43.7 0.9999771876
43.8 0.9999771876
43.9 0.9999771876
44.0 0.9999771876
44.1 0.9999771876
44.2 0.9999771876
44.3 0.9999771876
44.4 0.9999771876
44.5 0.9999771876
44.6 0.9999771876
44.7 0.9999771876
44.8 0.9999771876
44.9 0.9999771876
45.0 0.9999771876
45.1 0.9999771876
45.2 0.9999771876
45.3 0.9999771876
45.4 0.9999771876
45.5 0.9999771876
45.6 0.9999771876
45.7 0.9999771876
45.8 0.9999771876
45.9 0.9999771876
46.0 0.9999771876
46.1 0.9999771876
46.2 0.9999771876
46.3 0.9999771876
46.4 0.9999771876
46.5 0.9999771876
46.6 0.9999771876
46.7 0.9999771876
46.8 0.9999771876
46.9 0.9999771876
47.0 0.9999771876
47.1 0.9999771876
47.2 0.9999771876
47.3 0.9999771876
47.4 0.9999771876
47.5 0.9999771876
47.6 0.9999771876
47.7 0.9999771876
47.8 0.9999771876
47.9 0.9999771876
48.0 0.9999771876
48.1 0.9999771876
48.2 0.9999771876
48.3 0.9999771876
48.4 0.9999771876
48.5 0.9999771876
48.6 0.9999771876
48.7 0.9999771876
48.8 0.9999771876
48.9 0.9999771876
49.0 0.9999771876
49.1 0.9999771876
49.2 0.9999771876
49.3 0.9999771876
49.4 0.9999771876
49.5 0.9999771876
49.6 0.9999771876
49.7 0.9999771876
49.8 0.9999771876
49.9 0.9999771876
50.0 0.9999771876
50.1 0.9999771876
50.2 0.9999771876
50.3 0.9999771876
50.4 0.9999771876
50.5 0.9999771876
50.6 0.9999771876
50.7 0.9999771876
50.8 0.9999771876
50.9 0.9999771876
51.0 0.9999771876
51.1 0.9999771876
51.2 0.9999771876
51.3 0.9999771876
51.4 0.9999771876
51.5 0.9999771876
51.6 0.9999771876
51.7 0.9999771876
51.8 0.9999771876
51.9 0.9999771876
52.0 0.9999771876
52.1 0.9999771876
52.2 0.9999771876
52.3 0.9999771876
52.4 0.9999771876
52.5 0.9999771876
52.6 0.9999771876
52.7 0.9999771876
52.8 0.9999771876
52.9 0.9999771876
53.0 0.9999771876
53.1 0.9999771876
53.2 0.9999771876
53.3 0.9999771876
53.4 0.9999771876
53.5 0.9999771876
53.6 0.9999771876
53.7 0.9999771876
53.8 0.9999771876
53.9 0.9999771876
54.0 0.9999771876
54.1 0.9999771876
54.2 0.9999771876
54.3 0.9999771876
54.4 0.9999771876
54.5 0.9999771876
54.6 0.9999771876
54.7 0.9999771876
54.8 0.9999771876
54.9 0.9999771876
55.0 0.9999771876
55.1 0.9999771876
55.2 0.9999771876
55.3 0.9999771876
55.4 0.9999771876
55.5 0.9999771876
55.6 0.9999771876
55.7 0.9999771876
55.8 0.9999771876
55.9 0.9999771876
56.0 0.9999771876
56.1 0.9999771876
56.2 0.9999771876
56.3 0.9999771876
56.4 0.9999771876
56.5 0.9999771876
56.6 0.9999771876
56.7 0.9999771876
56.8 0.9999771876
56.9 0.9999771876
57.0 0.9999771876
57.1 0.9999771876
57.2 0.9999771876
57.3 0.9999771876
57.4 0.9999771876
57.5 0.9999771876
57.6 0.9999771876
57.7 0.9999771876
57.8 0.9999771876
57.9 0.9999771876
58.0 0.9999771876
58.1 0.9999771876
58.2 0.9999771876
58.3 0.9999771876
58.4 0.9999771876
58.5 0.9999771876
58.6 0.9999771876
58.7 0.9999771876
58.8 0.9999771876
58.9 0.9999771876
59.0 0.9999771876
59.1 0.9999771876
59.2 0.9999771876
59.3 0.9999771876
59.4 0.9999771876
59.5 0.9999771876
59.6 0.9999771876
59.7 0.9999771876
59.8 0.9999771876
59.9 0.9999771876
60.0 0.9999771876
60.1 0.9999771876
60.2 0.9999771876
60.3 0.9999771876
60.4 0.9999771876
60.5 0.9999771876
60.6 0.9999771876
60.7 0.9999771876
60.8 0.9999771876
60.9 0.9999771876
61.0 0.9999771876
61.1 0.9999771876
61.2 0.9999771876
61.3 0.9999771876
61.4 0.9999771876
61.5 0.9999771876
61.6 0.9999771876
61.7 0.9999771876
61.8 0.9999771876
61.9 0.9999771876
62.0 0.9999771876
62.1 0.9999771876
62.2 0.9999771876
62.3 0.9999771876
62.4 0.9999771876
62.5 0.9999771876
62.6 0.9999771876
62.7 0.9999771876
62.8 0.9999771876
62.9 0.9999771876
63.0 0.9999771876
63.1 0.9999771876
63.2 0.9999771876
63.3 0.9999771876
63.4 0.9999771876
63.5 0.9999771876
63.6 0.9999771876
63.7 0.9999771876
63.8 0.9999771876
63.9 0.9999771876
64.0 0.9999771876
64.1 0.9999771876
64.2 0.9999771876
64.3 0.9999771876
64.4 0.9999771876
64.5 0.9999771876
64.6 0.9999771876
64.7 0.9999771876
64.8 0.9999771876
64.9 0.9999771876
65.0 0.9999771876
65.1 0.9999771876
65.2 0.9999771876
65.3 0.9999771876
65.4 0.9999771876
65.5 0.9999771876
65.6 0.9999771876
65.7 0.9999771876
65.8 0.9999771876
65.9 0.9999771876
66.0 0.9999771876
66.1 0.9999771876
66.2 0.9999771876
66.3 0.9999771876
66.4 0.9999771876
66.5 0.9999771876
66.6 0.9999771876
66.7 0.9999771876
66.8 0.9999771876
66.9 0.9999771876
67.0 0.9999771876
67.1 0.9999771876
67.2 0.9999771876
67.3 0.9999771876
67.4 0.9999771876
67.5 0.9999771876
67.6 0.9999771876
67.7 0.9999771876
67.8 0.9999771876
67.9 0.9999771876
68.0 0.9999771876
68.1 0.9999771876
68.2 0.9999771876
68.3 0.9999771876
68.4 0.9999771876
68.5 0.9999771876
68.6 0.9999771876
68.7 0.9999771876
68.8 0.9999771876
68.9 0.9999771876
69.0 0.9999771876
69.1 0.9999771876
69.2 0.9999771876
69.3 0.9999771876
69.4 0.9999771876
69.5 0.9999771876
69.6 0.9999771876
69.7 0.9999771876
69.8 0.9999771876
69.9 0.9999771876
70.0 0.9999771876
70.1 0.9999771876
70.2 0.9999771876
70.3 0.9999771876
70.4 0.9999771876
70.5 0.9999771876
70.6 0.9999771876
70.7 0.9999771876
70.8 0.9999771876
70.9 0.9999771876
71.0 0.9999771876
71.1 0.9999771876
71.2 0.9999771876
71.3 0.9999771876
71.4 0.9999771876
71.5 0.9999771876
71.6 0.9999771876
71.7 0.9999771876
71.8 0.9999771876
71.9 0.9999771876
72.0 0.9999771876
72.1 0.9999771876
72.2 0.9999771876
72.3 0.9999771876
72.4 0.9999771876
72.5 0.9999771876
72.6 0.9999771876
72.7 0.9999771876
72.8 0.9999771876
72.9 0.9999771876
73.0 0.9999771876
73.1 0.9999771876
73.2 0.9999771876
73.3 0.9999771876
73.4 0.9999771876
73.5 0.9999771876
73.6 0.9999771876
73.7 0.9999771876
73.8 0.9999771876
73.9 0.9999771876
74.0 0.9999771876
74.1 0.9999771876
74.2 0.9999771876
74.3 0.9999771876
74.4 0.9999771876
74.5 0.9999771876
74.6 0.9999771876
74.7 0.9999771876
74.8 0.9999771876
74.9 0.9999771876
75.0 0.9999771876
75.1 0.9999771876
75.2 0.9999771876
75.3 0.9999771876
75.4 0.9999771876
75.5 0.9999771876
75.6 0.9999771876
75.7 0.9999771876
75.8 0.9999771876
75.9 0.9999771876
76.0 0.9999771876
76.1 0.9999771876
76.2 0.9999771876
76.3 0.9999771876
76.4 0.9999771876
76.5 0.9999771876
76.6 0.9999771876
76.7 0.9999771876
76.8 0.9999771876
76.9 0.9999771876
77.0 0.9999771876
77.1 0.9999771876
77.2 0.9999771876
77.3 0.9999771876
77.4 0.9999771876
77.5 0.9999771876
77.6 0.9999771876
77.7 0.9999771876
77.8 0.9999771876
77.9 0.9999771876
78.0 0.9999771876
78.1 0.9999771876
78.2 0.9999771876
78.3 0.9999771876
78.4 0.9999771876
78.5 0.9999771876
78.6 0.9999771876
78.7 0.9999771876
78.8 0.9999771876
78.9 0.9999771876
79.0 0.9999771876
79.1 0.9999771876
79.2 0.9999771876
79.3 0.9999771876
79.4 0.9999771876
79.5 0.9999771876
79.6 0.9999771876
79.7 0.9999771876
79.8 0.9999771876
79.9 0.9999771876
80.0 0.9999771876
80.1 0.9999771876
80.2 0.9999771876
80.3 0.9999771876
80.4 0.9999771876
80.5 0.9999771876
80.6 0.9999771876
80.7 0.9999771876
80.8 0.9999771876
80.9 0.9999771876
81.0 0.9999771876
81.1 0.9999771876
81.2 0.9999771876
81.3 0.9999771876
81.4 0.9999771876
81.5 0.9999771876
81.6 0.9999771876
81.7 0.9999771876
81.8 0.9999771876
81.9 0.9999771876
82.0 0.9999771876
82.1 0.9999771876
82.2 0.9999771876
82.3 0.9999771876
82.4 0.9999771876
82.5 0.9999771876
82.6 0.9999771876
82.7 0.9999771876
82.8 0.9999771876
82.9 0.9999771876
83.0 0.9999771876
83.1 0.9999771876
83.2 0.9999771876
83.3 0.9999771876
83.4 0.9999771876
83.5 0.9999771876
83.6 0.9999771876
83.7 0.9999771876
83.8 0.9999771876
83.9 0.9999771876
84.0 0.9999771876
84.1 0.9999771876
84.2 0.9999771876
84.3 0.9999771876
84.4 0.9999771876
84.5 0.9999771876
84.6 0.9999771876
84.7 0.9999771876
84.8 0.9999771876
84.9 0.9999771876
85.0 0.9999771876
85.1 0.9999771876
85.2 0.9999771876
85.3 0.9999771876
85.4 0.9999771876
85.5 0.9999771876
