0.1 0.1506700938
0.2 0.3137328636
0.3 0.4801915766
0.4 0.6111373980
0.5 0.7179007689
0.6 0.7929900150
0.7 0.8393687674
0.8 0.8687695040
0.9 0.8901693658
1.0 0.9073066258
1.1 0.9227740722
1.2 0.9372639613
1.3 0.9505976820
1.4 0.9625520376
1.5 0.9723353551
1.6 0.9797840671
1.7 0.9849670862
1.8 0.9881268980
1.9 0.9901154973
2.0 0.9914895923
2.1 0.9924085097
2.2 0.9931852415
2.3 0.9938934291
2.4 0.9945421250
2.5 0.9951952724
2.6 0.9959214137
2.7 0.9965720079
2.8 0.9971980326
2.9 0.9976794414
3.0 0.9980503482
3.1 0.9983329420
3.2 0.9985779365
3.3 0.9988137205
3.4 0.9989363708
3.5 0.9990497648
3.6 0.9991537105
3.7 0.9992444779
3.8 0.9993445715
3.9 0.9994154109
4.0 0.9995025489
4.1 0.9995789401
4.2 0.9996364591
4.3 0.9996933305
4.4 0.9996933305
4.5 0.9996933305
4.6 0.9996933305
4.7 0.9996933305
4.8 0.9996933305
4.9 0.9996933305
5.0 0.9996933305
5.1 0.9996933305
5.2 0.9996933305
5.3 0.9996933305
5.4 0.9996933305
5.5 0.9996933305
5.6 0.9996933305
5.7 0.9996933305
5.8 0.9996933305
5.9 0.9996933305
6.0 0.9996933305
6.1 0.9996933305
6.2 0.9996933305
6.3 0.9996933305
6.4 0.9996933305
6.5 0.9996933305
6.6 0.9996933305
6.7 0.9996933305
6.8 0.9996933305
6.9 0.9996933305
7.0 0.9996933305
7.1 0.9996933305
7.2 0.9996933305
7.3 0.9996933305
7.4 0.9996933305
7.5 0.9996933305
7.6 0.9996933305
7.7 0.9996933305
7.8 0.9996933305
7.9 0.9996933305
8.0 0.9996933305
8.1 0.9996933305
8.2 0.9996933305
8.3 0.9996933305
8.4 0.9996933305
8.5 0.9996933305
8.6 0.9996933305
8.7 0.9996933305
8.8 0.9996933305
8.9 0.9996933305
9.0 0.9996933305
9.1 0.9996933305
9.2 0.9996933305
9.3 0.9996933305
9.4 0.9996933305
9.5 0.9996933305
9.6 0.9996933305
9.7 0.9996933305
9.8 0.9996933305
9.9 0.9996933305
10.0 0.9996933305
10.1 0.9996933305
10.2 0.9996933305
10.3 0.9996933305
10.4 0.9996933305
10.5 0.9996933305
10.6 0.9996933305
10.7 0.9996933305
10.8 0.9996933305
10.9 0.9996933305
11.0 0.9996933305
11.1 0.9996933305
11.2 0.9996933305
11.3 0.9996933305
11.4 0.9996933305
11.5 0.9996933305
11.6 0.9996933305
11.7 0.9996933305
11.8 0.9996933305
11.9 0.9996933305
12.0 0.9996933305
12.1 0.9996933305
12.2 0.9996933305
12.3 0.9996933305
12.4 0.9996933305
12.5 0.9996933305
12.6 0.9996933305
12.7 0.9996933305
12.8 0.9996933305
12.9 0.9996933305
13.0 0.9996933305
13.1 0.9996933305
13.2 0.9996933305
13.3 0.9996933305
13.4 0.9996933305
13.5 0.9996933305
13.6 0.9996933305
13.7 0.9996933305
13.8 0.9996933305
13.9 0.9996933305
14.0 0.9996933305
14.1 0.9996933305
14.2 0.9996933305
14.3 0.9996933305
14.4 0.9996933305
14.5 0.9996933305
14.6 0.9996933305
14.7 0.9996933305
14.8 0.9996933305
14.9 0.9996933305
15.0 0.9996933305
15.1 0.9996933305
15.2 0.9996933305
15.3 0.9996933305
15.4 0.9996933305
15.5 0.9996933305
15.6 0.9996933305
15.7 0.9996933305
15.8 0.9996933305
15.9 0.9996933305
16.0 0.9996933305
16.1 0.9996933305
16.2 0.9996933305
16.3 0.9996933305
16.4 0.9996933305
16.5 0.9996933305
16.6 0.9996933305
16.7 0.9996933305
16.8 0.9996933305
16.9 0.9996933305
17.0 0.9996933305
17.1 0.9996933305
17.2 0.9996933305
17.3 0.9996933305
17.4 0.9996933305
17.5 0.9996933305
17.6 0.9996933305
17.7 0.9996933305
17.8 0.9996933305
17.9 0.9996933305
18.0 0.9996933305
18.1 0.9996933305
18.2 0.9996933305
18.3 0.9996933305
18.4 0.9996933305
18.5 0.9996933305
18.6 0.9996933305
18.7 0.9996933305
18.8 0.9996933305
18.9 0.9996933305
19.0 0.9996933305
19.1 0.9996933305
19.2 0.9996933305
19.3 0.9996933305
19.4 0.9996933305
19.5 0.9996933305
19.6 0.9996933305
19.7 0.9996933305
19.8 0.9996933305
19.9 0.9996933305
20.0 0.9996933305
20.1 0.9996933305
20.2 0.9996933305
20.3 0.9996933305
20.4 0.9996933305
20.5 0.9996933305
20.6 0.9996933305
20.7 0.9996933305
20.8 0.9996933305
20.9 0.9996933305
21.0 0.9996933305
21.1 0.9996933305
21.2 0.9996933305
21.3 0.9996933305
21.4 0.9996933305
21.5 0.9996933305
21.6 0.9996933305
21.7 0.9996933305
21.8 0.9996933305
21.9 0.9996933305
22.0 0.9996933305
22.1 0.9996933305
22.2 0.9996933305
22.3 0.9996933305
22.4 0.9996933305
22.5 0.9996933305
22.6 0.9996933305
22.7 0.9996933305
22.8 0.9996933305
22.9 0.9996933305
23.0 0.9996933305
23.1 0.9996933305
23.2 0.9996933305
23.3 0.9996933305
23.4 0.9996933305
23.5 0.9996933305
23.6 0.9996933305
23.7 0.9996933305
23.8 0.9996933305
23.9 0.9996933305
24.0 0.9996933305
24.1 0.9996933305
24.2 0.9996933305
24.3 0.9996933305
24.4 0.9996933305
24.5 0.9996933305
24.6 0.9996933305
24.7 0.9996933305
24.8 0.9996933305
24.9 0.9996933305
25.0 0.9996933305
25.1 0.9996933305
25.2 0.9996933305
25.3 0.9996933305
25.4 0.9996933305
25.5 0.9996933305
25.6 0.9996933305
25.7 0.9996933305
25.8 0.9996933305
25.9 0.9996933305
26.0 0.9996933305
26.1 0.9996933305
26.2 0.9996933305
26.3 0.9996933305
26.4 0.9996933305
26.5 0.9996933305
26.6 0.9996933305
26.7 0.9996933305
26.8 0.9996933305
26.9 0.9996933305
27.0 0.9996933305
27.1 0.9996933305
27.2 0.9996933305
27.3 0.9996933305
27.4 0.9996933305
27.5 0.9996933305
27.6 0.9996933305
27.7 0.9996933305
27.8 0.9996933305
27.9 0.9996933305
28.0 0.9996933305
28.1 0.9996933305
28.2 0.9996933305
28.3 0.9996933305
28.4 0.9996933305
28.5 0.9996933305
28.6 0.9996933305
28.7 0.9996933305
28.8 0.9996933305
28.9 0.9996933305
29.0 0.9996933305
29.1 0.9996933305
29.2 0.9996933305
29.3 0.9996933305
29.4 0.9996933305
29.5 0.9996933305
29.6 0.9996933305
29.7 0.9996933305
29.8 0.9996933305
29.9 0.9996933305
30.0 0.9996933305
30.1 0.9996933305
30.2 0.9996933305
30.3 0.9996933305
30.4 0.9996933305
30.5 0.9996933305
30.6 0.9996933305
30.7 0.9996933305
30.8 0.9996933305
30.9 0.9996933305
31.0 0.9996933305
31.1 0.9996933305
31.2 0.9996933305
31.3 0.9996933305
31.4 0.9996933305
31.5 0.9996933305
31.6 0.9996933305
31.7 0.9996933305
31.8 0.9996933305
31.9 0.9996933305
32.0 0.9996933305
32.1 0.9996933305
32.2 0.9996933305
32.3 0.9996933305
32.4 0.9996933305
32.5 0.9996933305
32.6 0.9996933305
32.7 0.9996933305
32.8 0.9996933305
32.9 0.9996933305
33.0 0.9996933305
33.1 0.9996933305
33.2 0.9996933305
33.3 0.9996933305
33.4 0.9996933305
33.5 0.9996933305
33.6 0.9996933305
33.7 0.9996933305
33.8 0.9996933305
33.9 0.9996933305
34.0 0.9996933305
34.1 0.9996933305
34.2 0.9996933305
34.3 0.9996933305
34.4 0.9996933305
34.5 0.9996933305
34.6 0.9996933305
34.7 0.9996933305
34.8 0.9996933305
34.9 0.9996933305
35.0 0.9996933305
35.1 0.9996933305
35.2 0.9996933305
35.3 0.9996933305
35.4 0.9996933305
35.5 0.9996933305
35.6 0.9996933305
35.7 0.9996933305
35.8 0.9996933305
35.9 0.9996933305
36.0 0.9996933305
36.1 0.9996933305
36.2 0.9996933305
36.3 0.9996933305
36.4 0.9996933305
36.5 0.9996933305
36.6 0.9996933305
36.7 0.9996933305
36.8 0.9996933305
36.9 0.9996933305
37.0 0.9996933305
37.1 0.9996933305
37.2 0.9996933305
37.3 0.9996933305
37.4 0.9996933305
37.5 0.9996933305
37.6 0.9996933305
37.7 0.9996933305
37.8 0.9996933305
37.9 0.9996933305
38.0 0.9996933305
38.1 0.9996933305
38.2 0.9996933305
38.3 0.9996933305
38.4 0.9996933305
38.5 0.9996933305
38.6 0.9996933305
38.7 0.9996933305
38.8 0.9996933305
38.9 0.9996933305
39.0 0.9996933305
39.1 0.9996933305
39.2 0.9996933305
39.3 0.9996933305
39.4 0.9996933305
39.5 0.9996933305
39.6 0.9996933305
39.7 0.9996933305
39.8 0.9996933305
39.9 0.9996933305
40.0 0.9996933305
40.1 0.9996933305
40.2 0.9996933305
40.3 0.9996933305
40.4 0.9996933305
40.5 0.9996933305
40.6 0.9996933305
40.7 0.9996933305
40.8 0.9996933305
40.9 0.9996933305
41.0 0.9996933305
41.1 0.9996933305
41.2 0.9996933305
41.3 0.9996933305
41.4 0.9996933305
41.5 0.9996933305
41.6 0.9996933305
41.7 0.9996933305
41.8 0.9996933305
41.9 0.9996933305
42.0 0.9996933305
42.1 0.9996933305
42.2 0.9996933305
42.3 0.9996933305
42.4 0.9996933305
42.5 0.9996933305
42.6 0.9996933305
42.7 0.9996933305
42.8 0.9996933305
42.9 0.9996933305
43.0 0.9996933305
43.1 0.9996933305
43.2 0.9996933305
43.3 0.9996933305
43.4 0.9996933305
43.5 0.9996933305
43.6 0.9996933305
43.7 0.9996933305
43.8 0.9996933305
43.9 0.9996933305
44.0 0.9996933305
44.1 0.9996933305
44.2 0.9996933305
44.3 0.9996933305
44.4 0.9996933305
44.5 0.9996933305
44.6 0.9996933305
44.7 0.9996933305
44.8 0.9996933305
44.9 0.9996933305
45.0 0.9996933305
45.1 0.9996933305
45.2 0.9996933305
45.3 0.9996933305
45.4 0.9996933305
45.5 0.9996933305
45.6 0.9996933305
45.7 0.9996933305
45.8 0.9996933305
45.9 0.9996933305
46.0 0.9996933305
46.1 0.9996933305
46.2 0.9996933305
46.3 0.9996933305
46.4 0.9996933305
46.5 0.9996933305
46.6 0.9996933305
46.7 0.9996933305
46.8 0.9996933305
46.9 0.9996933305
47.0 0.9996933305
47.1 0.9996933305
47.2 0.9996933305
47.3 0.9996933305
47.4 0.9996933305
47.5 0.9996933305
47.6 0.9996933305
47.7 0.9996933305
47.8 0.9996933305
47.9 0.9996933305
48.0 0.9996933305
48.1 0.9996933305
48.2 0.9996933305
48.3 0.9996933305
48.4 0.9996933305
48.5 0.9996933305
48.6 0.9996933305
48.7 0.9996933305
48.8 0.9996933305
48.9 0.9996933305
49.0 0.9996933305
49.1 0.9996933305
49.2 0.9996933305
49.3 0.9996933305
49.4 0.9996933305
49.5 0.9996933305
49.6 0.9996933305
49.7 0.9996933305
49.8 0.9996933305
49.9 0.9996933305
50.0 0.9996933305
50.1 0.9996933305
50.2 0.9996933305
50.3 0.9996933305
50.4 0.9996933305
50.5 0.9996933305
50.6 0.9996933305
50.7 0.9996933305
50.8 0.9996933305
50.9 0.9996933305
51.0 0.9996933305
51.1 0.9996933305
51.2 0.9996933305
51.3 0.9996933305
51.4 0.9996933305
51.5 0.9996933305
51.6 0.9996933305
51.7 0.9996933305
51.8 0.9996933305
51.9 0.9996933305
52.0 0.9996933305
52.1 0.9996933305
52.2 0.9996933305
52.3 0.9996933305
52.4 0.9996933305
52.5 0.9996933305
52.6 0.9996933305
52.7 0.9996933305
52.8 0.9996933305
52.9 0.9996933305
53.0 0.9996933305
53.1 0.9996933305
53.2 0.9996933305
53.3 0.9996933305
53.4 0.9996933305
53.5 0.9996933305
53.6 0.9996933305
53.7 0.9996933305
53.8 0.9996933305
53.9 0.9996933305
54.0 0.9996933305
54.1 0.9996933305
54.2 0.9996933305
54.3 0.9996933305
54.4 0.9996933305
54.5 0.9996933305
54.6 0.9996933305
54.7 0.9996933305
54.8 0.9996933305
54.9 0.9996933305
55.0 0.9996933305
55.1 0.9996933305
55.2 0.9996933305
55.3 0.9996933305
55.4 0.9996933305
55.5 0.9996933305
55.6 0.9996933305
55.7 0.9996933305
55.8 0.9996933305
55.9 0.9996933305
56.0 0.9996933305
56.1 0.9996933305
56.2 0.9996933305
56.3 0.9996933305
56.4 0.9996933305
56.5 0.9996933305
56.6 0.9996933305
56.7 0.9996933305
56.8 0.9996933305
56.9 0.9996933305
57.0 0.9996933305
57.1 0.9996933305
57.2 0.9996933305
57.3 0.9996933305
57.4 0.9996933305
57.5 0.9996933305
57.6 0.9996933305
57.7 0.9996933305
57.8 0.9996933305
57.9 0.9996933305
58.0 0.9996933305
58.1 0.9996933305
58.2 0.9996933305
58.3 0.9996933305
58.4 0.9996933305
58.5 0.9996933305
58.6 0.9996933305
58.7 0.9996933305
58.8 0.9996933305
58.9 0.9996933305
59.0 0.9996933305
59.1 0.9996933305
59.2 0.9996933305
59.3 0.9996933305
59.4 0.9996933305
59.5 0.9996933305
59.6 0.9996933305
59.7 0.9996933305
59.8 0.9996933305
59.9 0.9996933305
60.0 0.9996933305
60.1 0.9996933305
60.2 0.9996933305
60.3 0.9996933305
60.4 0.9996933305
60.5 0.9996933305
60.6 0.9996933305
60.7 0.9996933305
60.8 0.9996933305
60.9 0.9996933305
61.0 0.9996933305
61.1 0.9996933305
61.2 0.9996933305
61.3 0.9996933305
61.4 0.9996933305
61.5 0.9996933305
61.6 0.9996933305
61.7 0.9996933305
61.8 0.9996933305
61.9 0.9996933305
62.0 0.9996933305
62.1 0.9996933305
62.2 0.9996933305
62.3 0.9996933305
62.4 0.9996933305
62.5 0.9996933305
62.6 0.9996933305
62.7 0.9996933305
62.8 0.9996933305
62.9 0.9996933305
63.0 0.9996933305
63.1 0.9996933305
63.2 0.9996933305
63.3 0.9996933305
63.4 0.9996933305
63.5 0.9996933305
63.6 0.9996933305
63.7 0.9996933305
63.8 0.9996933305
63.9 0.9996933305
64.0 0.9996933305
64.1 0.9996933305
64.2 0.9996933305
64.3 0.9996933305
64.4 0.9996933305
64.5 0.9996933305
64.6 0.9996933305
64.7 0.9996933305
64.8 0.9996933305
64.9 0.9996933305
65.0 0.9996933305
65.1 0.9996933305
65.2 0.9996933305
65.3 0.9996933305
65.4 0.9996933305
65.5 0.9996933305
65.6 0.9996933305
65.7 0.9996933305
65.8 0.9996933305
65.9 0.9996933305
66.0 0.9996933305
66.1 0.9996933305
66.2 0.9996933305
66.3 0.9996933305
66.4 0.9996933305
66.5 0.9996933305
66.6 0.9996933305
66.7 0.9996933305
66.8 0.9996933305
66.9 0.9996933305
67.0 0.9996933305
67.1 0.9996933305
67.2 0.9996933305
67.3 0.9996933305
67.4 0.9996933305
67.5 0.9996933305
67.6 0.9996933305
67.7 0.9996933305
67.8 0.9996933305
67.9 0.9996933305
68.0 0.9996933305
68.1 0.9996933305
68.2 0.9996933305
68.3 0.9996933305
68.4 0.9996933305
68.5 0.9996933305
68.6 0.9996933305
68.7 0.9996933305
68.8 0.9996933305
68.9 0.9996933305
69.0 0.9996933305
69.1 0.9996933305
69.2 0.9996933305
69.3 0.9996933305
69.4 0.9996933305
69.5 0.9996933305
69.6 0.9996933305
69.7 0.9996933305
69.8 0.9996933305
69.9 0.9996933305
70.0 0.9996933305
70.1 0.9996933305
70.2 0.9996933305
70.3 0.9996933305
70.4 0.9996933305
70.5 0.9996933305
70.6 0.9996933305
70.7 0.9996933305
70.8 0.9996933305
70.9 0.9996933305
71.0 0.9996933305
71.1 0.9996933305
71.2 0.9996933305
71.3 0.9996933305
71.4 0.9996933305
71.5 0.9996933305
71.6 0.9996933305
71.7 0.9996933305
71.8 0.9996933305
71.9 0.9996933305
72.0 0.9996933305
72.1 0.9996933305
72.2 0.9996933305
72.3 0.9996933305
72.4 0.9996933305
72.5 0.9996933305
72.6 0.9996933305
72.7 0.9996933305
72.8 0.9996933305
72.9 0.9996933305
73.0 0.9996933305
73.1 0.9996933305
73.2 0.9996933305
73.3 0.9996933305
73.4 0.9996933305
73.5 0.9996933305
73.6 0.9996933305
73.7 0.9996933305
73.8 0.9996933305
73.9 0.9996933305
74.0 0.9996933305
74.1 0.9996933305
74.2 0.9996933305
74.3 0.9996933305
74.4 0.9996933305
74.5 0.9996933305
74.6 0.9996933305
74.7 0.9996933305
74.8 0.9996933305
74.9 0.9996933305
75.0 0.9996933305
75.1 0.9996933305
75.2 0.9996933305
75.3 0.9996933305
75.4 0.9996933305
75.5 0.9996933305
75.6 0.9996933305
75.7 0.9996933305
75.8 0.9996933305
75.9 0.9996933305
76.0 0.9996933305
76.1 0.9996933305
76.2 0.9996933305
76.3 0.9996933305
76.4 0.9996933305
76.5 0.9996933305
76.6 0.9996933305
76.7 0.9996933305
76.8 0.9996933305
76.9 0.9996933305
77.0 0.9996933305
77.1 0.9996933305
77.2 0.9996933305
77.3 0.9996933305
77.4 0.9996933305
77.5 0.9996933305
77.6 0.9996933305
77.7 0.9996933305
77.8 0.9996933305
77.9 0.9996933305
78.0 0.9996933305
78.1 0.9996933305
78.2 0.9996933305
78.3 0.9996933305
78.4 0.9996933305
78.5 0.9996933305
78.6 0.9996933305
78.7 0.9996933305
78.8 0.9996933305
78.9 0.9996933305
79.0 0.9996933305
79.1 0.9996933305
79.2 0.9996933305
79.3 0.9996933305
79.4 0.9996933305
79.5 0.9996933305
79.6 0.9996933305
79.7 0.9996933305
79.8 0.9996933305
79.9 0.9996933305
80.0 0.9996933305
80.1 0.9996933305
80.2 0.9996933305
80.3 0.9996933305
80.4 0.9996933305
80.5 0.9996933305
80.6 0.9996933305
80.7 0.9996933305
80.8 0.9996933305
80.9 0.9996933305
81.0 0.9996933305
81.1 0.9996933305
81.2 0.9996933305
81.3 0.9996933305
81.4 0.9996933305
81.5 0.9996933305
81.6 0.9996933305
81.7 0.9996933305
81.8 0.9996933305
81.9 0.9996933305
82.0 0.9996933305
82.1 0.9996933305
82.2 0.9996933305
82.3 0.9996933305
82.4 0.9996933305
82.5 0.9996933305
82.6 0.9996933305
82.7 0.9996933305
82.8 0.9996933305
82.9 0.9996933305
83.0 0.9996933305
83.1 0.9996933305
83.2 0.9996933305
83.3 0.9996933305
83.4 0.9996933305
83.5 0.9996933305
83.6 0.9996933305
83.7 0.9996933305
83.8 0.9996933305
83.9 0.9996933305
84.0 0.9996933305
84.1 0.9996933305
84.2 0.9996933305
84.3 0.9996933305
84.4 0.9996933305
84.5 0.9996933305
84.6 0.9996933305
84.7 0.9996933305
84.8 0.9996933305
84.9 0.9996933305
85.0 0.9996933305
85.1 0.9996933305
85.2 0.9996933305
85.3 0.9996933305
85.4 0.9996933305
85.5 0.9996933305
