0.0 0.05805199520169694
0.0415 0.14445613637492694
0.083 0.23389852929101604
0.1245 0.3389884442089367
0.166 0.4270829487331022
0.20750000000000002 0.48799713390763366
0.249 0.5329400686013609
0.29050000000000004 0.573826256316402
0.332 0.6155186528454537
0.3735 0.6572481772943606
0.41500000000000004 0.6993376661600106
0.4565 0.7396459217147099
0.498 0.7763637398825487
0.5395 0.8090691678127765
0.5810000000000001 0.8373247498810131
0.6225 0.8617024514896208
0.664 0.8821941588878279
0.7055 0.8991091628235238
0.747 0.9132782569103032
0.7885000000000001 0.9247420909963346
0.8300000000000001 0.9341478974072984
0.8715 0.9420946617251832
0.913 0.9486192275405546
0.9545 0.9541781763898474
0.996 0.9590440274378226
1.0375 0.9632629561480317
1.079 0.9670291282926202
1.1205 0.9702731565580852
1.1620000000000001 0.9732655842880172
1.2035 0.9760205095354741
1.245 0.9783823785271206
1.2865 0.9805070760748492
1.328 0.9823896705470795
1.3695000000000002 0.9840792231145867
1.411 0.9856939884895519
1.4525000000000001 0.987127355925044
1.494 0.9884784121940723
1.5355 0.9896014822279933
1.5770000000000002 0.9906311252841371
1.6185 0.9915346992133107
1.6600000000000001 0.9923674459436819
1.7015 0.9931872717756381
1.743 0.9938627805841698
1.7845000000000002 0.9944606879955497
1.826 0.9950392309580459
1.8675000000000002 0.9955264784963719
1.909 0.996011651092318
1.9505000000000001 0.9964191358487897
1.992 0.9968104787018907
2.0335 0.9971282278250377
2.075 0.997475120734367
2.1165000000000003 0.9977680616134851
2.158 0.9980413320949287
2.1995 0.9982399742276875
2.241 0.9984591170803866
2.2825 0.9986177972190976
2.3240000000000003 0.9987701717457299
2.3655 0.9989073216581139
2.407 0.9990523603900321
2.4485 0.999136185110898
2.49 0.9992588795996287
2.5315000000000003 0.9993704161414902
2.573 0.9994478693332403
2.6145 0.9995172414343507
2.656 0.9995910877564119
2.6975000000000002 0.9996358939276143
2.7390000000000003 0.9996709463280128
2.7805 0.9997227130573532
2.822 0.9997650585205119
2.8635 0.9997934447559252
2.9050000000000002 0.9998273295106604
2.9465000000000003 0.9998490027231071
2.988 0.9998631792438689
3.0295 0.9998854080529389
3.071 0.9998943720025485
3.1125000000000003 0.9999003789879338
3.1540000000000004 0.999903288872618
3.1955 0.9999140063126882
3.237 0.9999234400720709
3.2785 0.9999304393963748
3.3200000000000003 0.9999365188438705
3.3615000000000004 0.9999424099020432
3.403 0.9999553525081096
3.4445 0.999961804186516
3.486 0.9999717577287157
3.5275000000000003 0.9999739048696784
3.5690000000000004 0.9999743901047129
3.6105 0.9999814307281717
3.652 0.999987312959278
3.6935000000000002 0.9999918522490752
3.7350000000000003 0.9999918522490752
3.7765000000000004 0.9999932059622425
3.818 0.9999952927941741
3.8595 0.9999952927941741
3.9010000000000002 0.9999952927941741
3.9425000000000003 0.9999952927941741
3.984 0.9999952927941741
4.0255 0.9999983804431942
4.067 0.9999983804431942
4.1085 1.0
4.15 1.0
