0.0 0.08005535102746454
0.0403 0.09862293167800688
0.0806 0.14623393690073772
0.12090000000000001 0.21553630337711888
0.1612 0.29689819633176134
0.2015 0.37372113909823407
0.24180000000000001 0.4368662066815159
0.2821 0.48753004797871
0.3224 0.5305330942000511
0.3627 0.5691490659162584
0.403 0.6062208943806915
0.4433 0.640330785919837
0.48360000000000003 0.6715227221351872
0.5239 0.697684140107357
0.5642 0.720057578149601
0.6045 0.738786911399037
0.6448 0.7543572274273405
0.6851 0.7671717779256324
0.7254 0.7782649703999627
0.7657 0.7880287341622213
0.806 0.7967368785716951
0.8463 0.8050750759689881
0.8866 0.8131607282970319
0.9269000000000001 0.8212774231604248
0.9672000000000001 0.8291053114882385
1.0075 0.8370315372433542
1.0478 0.8446114051551553
1.0881 0.8524721212186561
1.1284 0.8607221819071267
1.1687 0.8683869699027844
1.209 0.8764998569877552
1.2493 0.8845773484907025
1.2896 0.8925461544960995
1.3299 0.9006534354138711
1.3702 0.9085200079020551
1.4105 0.9164456945867765
1.4508 0.9240464056871284
1.4911 0.9313187717585727
1.5314 0.9383767825647035
1.5717 0.9452701294473624
1.612 0.9514001517728053
1.6523 0.9572405048235193
1.6926 0.9623898142903091
1.7329 0.9671643377486998
1.7732 0.9715058572497596
1.8135000000000001 0.9755121140032246
1.8538000000000001 0.9788912426534891
1.8941000000000001 0.9819440263314562
1.9344000000000001 0.9845403338669428
1.9747000000000001 0.9866873188570761
2.015 0.988598133020942
2.0553 0.9902169789510156
2.0956 0.991484175171476
2.1359000000000004 0.9926390296568602
2.1762 0.9935661487863275
2.2165 0.9942442293437659
2.2568 0.994863739076668
2.2971000000000004 0.9955145515455988
2.3374 0.9960021767282333
2.3777 0.9964428874984645
2.418 0.9967951587395322
2.4583000000000004 0.9971140081783372
2.4986 0.9972794566561041
2.5389 0.9974710167888992
2.5792 0.9976382457478713
2.6195000000000004 0.9978066229075725
2.6598 0.9979273002020411
2.7001 0.9980631553726523
2.7404 0.9981588118152778
2.7807000000000004 0.9982446246897897
2.821 0.9983217738517765
2.8613 0.9983845204941181
2.9016 0.9984210059420192
2.9419000000000004 0.9984656695736168
2.9822 0.9984971580727995
3.0225 0.9985348088402427
3.0628 0.9985839745238655
3.1031000000000004 0.9986079388832179
3.1434 0.9986590077803197
3.1837 0.9986739138331292
3.224 0.9987061555043484
3.2643000000000004 0.9987338023698485
3.3046 0.9987525980340359
3.3449 0.9987617670083982
3.3852 0.9987673464841194
3.4255000000000004 0.9987812847031808
3.4658 0.9987886568632113
3.5061 0.998805787778081
3.5464 0.9988159930016126
3.5867000000000004 0.9988283850306984
3.6270000000000002 0.9988429578569799
3.6673 0.9988659370828399
3.7076000000000002 0.9988891675737057
3.7479000000000005 0.9988997652399207
3.7882000000000002 0.9989150822019318
3.8285 0.9989208016003998
3.8688000000000002 0.9989422607543685
3.9091000000000005 0.9989513391049902
3.9494000000000002 0.9989576786931041
3.9897 0.9989816691032726
4.03 0.998998521026803
